  -2.5175994e+00
  -5.0839914e-01
  -1.5879816e+00
  -3.5284085e+00
  -2.8513161e+00
  -4.7830017e-01
   1.1302257e+00
   9.8231006e-01
  -4.5963754e-01
  -6.8829905e-01
   1.7721860e+00
   3.3966629e+00
   1.5613017e+00
  -6.8013590e-01
  -1.5638025e+00
  -1.6000027e+00
   1.1459236e+00
   4.7238387e+00
   3.4269212e+00
  -2.8403422e-01
  -6.6537059e-01
   3.1950056e-01
  -7.1749875e-01
  -2.0945666e+00
  -1.7209832e+00
  -1.1314720e+00
  -2.1980186e+00
  -3.2280614e+00
  -2.1066523e+00
   6.0942123e-01
   3.8885207e+00
   5.4261321e+00
   2.5289790e+00
  -1.6294810e+00
  -1.1780533e+00
   3.3092633e+00
   5.6633097e+00
   3.1065399e+00
  -4.7932023e-02
  -8.3706533e-02
   1.2953578e+00
   1.7768529e+00
   8.0316866e-01
  -1.3116159e+00
  -3.2527070e+00
  -3.7978151e+00
  -3.0392541e+00
  -2.0481873e+00
  -2.2204979e+00
  -3.0157320e+00
  -1.8255840e+00
   2.9106026e-02
  -1.2279442e+00
  -3.4100788e+00
  -2.2507793e+00
   7.0712595e-01
   1.7154905e+00
   4.6689284e-01
  -5.1141907e-01
   8.8735106e-01
   3.7080431e+00
   5.1423878e+00
   3.6771495e+00
   2.0312985e-01
  -2.2390064e+00
  -1.3644160e+00
   9.4701650e-01
   8.6828485e-01
  -1.4883321e+00
  -2.2108619e+00
  -2.3063011e-01
   1.3547198e+00
   8.4905711e-02
  -2.2242205e+00
  -1.3871042e+00
   1.8599506e+00
   2.8225523e+00
   5.6233514e-01
  -2.2404537e+00
  -2.6277527e+00
  -2.4166280e-01
   1.7603999e+00
   1.3012219e+00
  -1.9448828e-01
  -4.6779648e-01
   1.4675260e+00
   4.3627651e+00
   4.8182214e+00
   1.3343644e+00
  -2.6599234e+00
  -3.1389271e+00
  -4.0160560e-01
   1.7135243e+00
   1.2044728e-01
  -2.4524148e+00
  -8.8795329e-01
   2.7391526e+00
   2.4053870e+00
  -2.4879267e+00
  -6.4414180e+00
  -4.0714880e+00
   1.1008822e+00
   5.5565900e-01
  -4.1262800e+00
  -3.7413691e+00
   1.5542341e+00
   3.9526049e+00
   2.7541235e+00
   1.5200433e+00
  -1.9183651e-01
  -1.8918295e+00
  -1.1521512e+00
   9.5946894e-01
   1.7822602e+00
   1.1633835e+00
   9.0991091e-01
   1.4857014e+00
   1.0321465e+00
  -2.7384829e-01
   1.1922954e-01
   1.9603574e+00
   2.9228653e+00
   1.7717063e+00
  -6.6293406e-01
  -8.3797400e-01
   2.1094836e+00
   3.2255172e+00
   4.7566106e-01
  -1.8465143e+00
  -1.1250632e+00
   8.4956982e-01
   1.4011385e+00
  -9.6312391e-01
  -4.1714353e+00
  -4.3965904e+00
  -1.6381959e+00
   1.0145404e+00
   3.1707709e-01
  -4.1954909e+00
  -6.4666873e+00
  -1.1886263e+00
   5.7109225e+00
   5.6455409e+00
   1.0823570e+00
  -8.6733859e-01
  -2.0794195e-01
  -1.0004533e+00
  -2.4983010e+00
  -3.5421253e-01
   4.6629588e+00
   7.1158854e+00
   4.3628943e+00
  -1.3729714e+00
  -5.1716172e+00
  -3.5390190e+00
   1.6728331e+00
   4.9952672e+00
   3.7420919e+00
  -1.6296425e-01
  -4.2521497e+00
  -6.1797678e+00
  -3.5654062e+00
   4.4090124e-01
  -6.5654809e-01
  -4.9051281e+00
  -4.9182787e+00
  -6.4659092e-01
   2.5479916e+00
   1.0328978e+00
  -4.3895038e+00
  -6.6179845e+00
  -2.0291866e+00
   1.4487478e+00
  -1.3446521e+00
  -3.8884761e+00
  -8.7813922e-01
   4.0789750e+00
   6.1932348e+00
   5.3418846e+00
   3.5582822e+00
   2.4811617e+00
   2.0741588e+00
   8.5010700e-01
  -2.2864986e-01
   1.6414058e+00
   5.1164105e+00
   5.7928048e+00
   2.2382368e+00
  -2.4422311e+00
  -3.7053455e+00
  -2.0940306e+00
  -2.2640444e+00
  -4.3219096e+00
  -5.1190573e+00
  -3.8541725e+00
  -1.1227413e+00
   2.1755406e+00
   3.4586053e+00
   8.5308845e-01
  -1.4339092e+00
   8.9669222e-01
   3.7003630e+00
   3.3021511e+00
   2.1798216e+00
   4.5372467e-01
  -1.4045200e+00
   1.4703281e+00
   7.0729803e+00
   7.3231899e+00
   2.2927947e+00
  -1.1062230e+00
  -1.1672760e+00
  -1.5898820e+00
  -3.2895211e+00
  -5.1219674e+00
  -6.2719622e+00
  -4.9738684e+00
  -2.9316405e+00
  -3.4324153e+00
  -4.2359825e+00
  -2.7129221e+00
  -8.3590173e-01
  -1.0317303e+00
  -2.8539627e+00
  -2.9853564e+00
   3.2347423e-01
   3.7810414e+00
   4.6021605e+00
   3.8478093e+00
   2.1942871e+00
   1.3004229e+00
   4.0221939e+00
   6.2165419e+00
   1.4179405e+00
  -5.2363245e+00
  -3.5357854e+00
   3.9580069e+00
   6.5710095e+00
   2.9200771e+00
  -1.3990289e+00
  -3.9520621e+00
  -4.1289134e+00
  -1.3628056e+00
   2.4234098e+00
   3.8455743e+00
   2.4185983e+00
  -1.1509690e-01
  -2.7972353e+00
  -3.5994190e+00
  -7.6738763e-01
   3.0863504e+00
   4.0225665e+00
   1.3303864e+00
  -2.1817177e+00
  -2.1901120e+00
   1.8953220e+00
   4.5898088e+00
   1.9069271e+00
  -3.1551731e+00
  -5.8945153e+00
  -4.5755010e+00
  -7.4743288e-01
   1.1143327e+00
  -1.2208433e+00
  -3.5552985e+00
  -1.6219536e+00
   1.2245946e+00
  -9.2544457e-01
  -5.2554196e+00
  -4.0822745e+00
   1.4526902e+00
   4.1172118e+00
   2.1703461e+00
  -1.1388933e+00
  -2.8328373e+00
  -6.6398488e-01
   4.9257552e+00
   7.0627528e+00
   8.9803976e-01
  -4.7467479e+00
  -5.1149087e-01
   5.9059489e+00
   4.3538318e+00
   6.7557099e-01
   2.5021597e+00
   4.3753997e+00
   2.2823610e+00
   9.3963202e-01
  -2.4657700e-01
  -3.3853833e+00
  -2.7651881e+00
   1.0004532e+00
  -8.6849855e-01
  -6.6170995e+00
  -6.6707596e+00
  -2.0185912e-01
   4.6120112e+00
   2.7111370e+00
  -1.2734280e-01
   1.9162814e+00
   3.8616149e+00
   1.7297469e+00
  -1.8488127e-01
   2.3349909e-01
   5.3307344e-01
   2.3543634e-01
   3.5186890e-02
  -7.6919319e-01
  -2.3970066e+00
  -4.4307153e+00
  -5.2962323e+00
  -3.2667061e+00
  -1.2014221e+00
  -2.1306655e+00
  -3.0957224e+00
  -1.7226223e+00
  -6.3537730e-02
   7.2182765e-01
   1.2684441e+00
   1.1068098e+00
  -1.1748264e-01
  -1.1903071e+00
  -3.0300645e-01
   3.3929341e+00
   5.3279243e+00
   1.0068383e+00
  -3.0886492e+00
  -6.6766691e-01
   2.0855061e+00
  -1.2645294e+00
  -6.0451851e+00
  -5.0791826e+00
   7.4412966e-02
   3.6837022e+00
   4.4474612e+00
   3.1313724e+00
   5.6457319e-01
  -6.6989517e-02
   2.5030618e+00
   5.2754580e+00
   6.6596285e+00
   5.9801359e+00
   1.4337744e+00
  -4.6516388e+00
  -7.0773569e+00
  -4.1585552e+00
   1.9050703e+00
   4.9497607e+00
  -5.3762877e-01
  -8.6536027e+00
  -8.4749697e+00
  -6.1232481e-01
   5.1031802e+00
   3.2038477e+00
  -1.6188372e+00
  -2.2003118e+00
   8.8797054e-01
   4.0314281e+00
   6.4365654e+00
   5.0669176e+00
  -1.0674990e+00
  -4.8989339e+00
  -3.1937361e+00
  -1.3630878e+00
  -1.8000932e+00
  -1.8284797e+00
  -5.4090545e-01
   2.0795791e-01
  -9.3984871e-01
  -1.9321256e+00
  -8.9740648e-01
  -1.4450286e-01
  -9.6052861e-01
  -2.0042895e+00
  -2.5214088e+00
  -1.0769886e+00
   2.5372120e+00
   4.9803602e+00
   4.4622941e+00
   2.6532943e+00
   1.4237963e+00
   2.1912986e+00
   4.5211921e+00
   5.3813315e+00
   3.2326029e+00
   4.4714992e-01
   8.4282202e-02
   1.6028609e+00
   1.6793948e+00
  -3.2412463e-02
  -4.1469904e-01
   2.3283834e-01
  -1.3310383e+00
  -4.6342246e+00
  -6.7571612e+00
  -5.9366501e+00
  -2.6472387e+00
  -4.3209783e-01
  -2.1449366e+00
  -5.5660500e+00
  -5.1519233e+00
   6.7205133e-02
   3.1456921e+00
  -2.7723755e-02
  -4.0354844e+00
  -3.1296821e+00
   3.9700857e-01
   6.6335137e-01
  -2.7302815e+00
  -5.2463772e+00
  -3.5019037e+00
   1.7867829e+00
   5.0936965e+00
   2.1515894e+00
  -3.0018873e+00
  -3.8039739e+00
  -1.6632892e-01
   3.7307943e+00
   5.0972521e+00
   3.1631643e+00
   1.7376592e-01
   1.9709311e-01
   2.7701424e+00
   4.6147348e+00
   5.7172009e+00
   6.7169825e+00
   7.1427353e+00
   5.9744386e+00
   1.7231611e+00
  -1.5376931e+00
   1.6582094e+00
   5.0252419e+00
   5.1650645e-01
  -5.8436198e+00
  -5.0665556e+00
   7.1708549e-01
   3.3016845e+00
  -3.7417302e-01
  -4.7832965e+00
  -4.7874186e+00
  -2.0455478e+00
   6.4352992e-01
   1.8589933e+00
   6.4535600e-01
  -1.7667653e+00
  -2.8035446e+00
  -1.1343804e+00
   1.3055131e+00
   1.0505391e+00
  -1.5193176e+00
  -2.3812008e+00
  -1.1760949e+00
  -2.1422451e+00
  -4.4217604e+00
  -2.3836037e+00
   1.8266059e+00
   1.6215162e+00
  -1.6665948e+00
  -2.9830889e+00
  -1.1922170e+00
   1.9544739e+00
   4.2717547e+00
   4.7731088e+00
   3.5173536e+00
   1.5601447e+00
   4.9341574e-01
   1.0489448e-01
  -8.7345236e-01
  -2.6441474e+00
  -3.9019821e+00
  -3.0435093e+00
  -1.2766067e+00
  -1.1399874e+00
  -2.7034203e+00
  -4.0196575e+00
  -2.7577042e+00
   1.4235010e-01
   8.3069531e-01
  -7.3659485e-01
  -1.6253017e+00
  -9.6078762e-01
   2.7261387e-01
   9.8085944e-01
   1.7813671e+00
   3.5298330e+00
   3.9830952e+00
   1.7523029e+00
  -4.7463063e-01
  -1.0002230e+00
  -3.8719987e-01
   1.1583545e+00
   2.1827590e+00
   1.0338309e+00
  -1.2659302e+00
  -2.8953559e+00
  -1.9765420e+00
   1.0015190e+00
   1.6025662e+00
  -6.1713151e-01
  -2.0256151e+00
  -2.0379425e+00
  -8.1884450e-01
   7.5477854e-01
   4.1232878e-01
  -3.4352894e-01
   7.0322989e-01
   1.8263487e+00
   1.4631902e+00
   7.7065599e-01
   1.4239084e+00
   3.3173958e+00
   4.5040524e+00
   3.7139010e+00
   2.0337608e+00
   2.0221130e+00
   4.3294402e+00
   5.9406483e+00
   4.9022327e+00
   2.4865558e+00
   1.9175087e-01
  -2.8005207e-01
   1.1008827e+00
   9.1232026e-01
  -1.9227241e+00
  -3.9470024e+00
  -3.5855538e+00
  -2.5783172e+00
  -1.4161093e+00
  -6.3587694e-01
  -2.4855316e+00
  -5.8152444e+00
  -6.2244474e+00
  -3.1901456e+00
  -6.8310060e-01
  -1.0915774e+00
  -2.5927703e+00
  -2.6697682e+00
  -1.7354207e+00
  -1.9750013e+00
  -3.7971904e+00
  -4.8545511e+00
  -2.8283542e+00
   9.6896907e-01
   1.4911909e+00
  -2.3977895e+00
  -4.0295192e+00
  -2.4300788e-01
   3.3697332e+00
   2.8403574e+00
   9.0685992e-01
   1.7703292e+00
   4.8676889e+00
   5.3716564e+00
   1.9495085e+00
  -1.4949834e+00
  -2.3559522e+00
  -9.8244071e-01
   1.7968989e+00
   3.9590604e+00
   3.6590888e+00
   2.8721708e+00
   3.2886252e+00
   1.9766920e+00
  -1.5970442e+00
  -2.7116930e+00
  -3.6072422e-01
   2.1145032e+00
   3.8240636e+00
   3.3181951e+00
  -9.0649081e-01
  -3.0035140e+00
   8.6555668e-01
   3.6563422e+00
   7.0829905e-01
  -3.0850841e+00
  -2.9497878e+00
  -2.9253724e-01
   4.8249663e-01
  -2.1218445e+00
  -4.9055784e+00
  -3.8891373e+00
  -1.5618582e-01
   1.4030600e+00
  -2.4392613e-01
  -3.0842454e+00
  -4.8219102e+00
  -2.0236559e+00
   2.6371472e+00
   2.4244602e+00
  -2.7238002e-01
  -2.3654432e-01
   8.0973177e-01
   7.9923410e-01
   1.4441625e-01
  -2.9640165e-01
   1.1614156e+00
   3.7233286e+00
   3.3807344e+00
  -2.5487622e-01
  -1.9179734e+00
   1.2508423e+00
   5.1055463e+00
   4.4545628e+00
  -2.8413820e-01
  -3.5290859e+00
  -1.3684559e+00
   3.5144262e+00
   5.4498324e+00
   1.5831586e+00
  -5.1000347e+00
  -7.5725613e+00
  -2.9431732e+00
   3.2254507e+00
   4.6234413e+00
   2.4529863e+00
   5.3778849e-01
  -9.2352000e-01
  -1.6656179e+00
  -6.1772555e-01
   7.6246137e-02
  -1.8326620e+00
  -3.0123442e+00
  -6.6472319e-01
   2.6394124e-01
  -3.0270520e+00
  -4.8066567e+00
  -2.6299438e+00
  -1.5210538e+00
  -4.4356308e+00
  -8.2328838e+00
  -6.8098800e+00
   3.5057556e-01
   4.6323738e+00
   2.1392195e+00
  -3.7105712e-01
   1.1276996e+00
   3.3784093e+00
   4.1492122e+00
   4.3105904e+00
   4.0372924e+00
   2.4812361e+00
  -1.0393165e-01
  -1.3169670e+00
   4.9556414e-01
   2.4798908e+00
   1.7127326e+00
   8.6184178e-01
   1.4413671e+00
  -1.1720319e-01
  -2.5667307e+00
  -1.2867969e+00
   1.2388527e+00
   1.0510467e+00
  -4.9900779e-01
  -1.0855484e+00
   3.7380861e-01
   3.1480287e+00
   4.6265422e+00
   3.4335129e+00
   6.3681274e-01
  -1.0194885e-01
   2.7393174e+00
   3.7296755e+00
   4.5953931e-01
  -1.3049728e+00
   4.9190998e-01
   1.1462304e+00
  -1.1162525e+00
  -2.7717903e+00
  -1.8363410e+00
  -2.3751031e-01
   9.7560388e-02
  -1.5320967e+00
  -4.0308370e+00
  -3.6333354e+00
   3.2176254e-01
   2.8557606e+00
   1.3287664e+00
  -1.0989597e+00
  -6.4423021e-01
   2.4666871e+00
   4.7652122e+00
   3.9313628e+00
   2.8791076e-01
  -3.4749627e+00
  -3.9402280e+00
  -1.7346067e+00
  -6.1912327e-01
  -1.5904318e+00
  -3.1148925e+00
  -4.3495256e+00
  -4.5065760e+00
  -2.9742143e+00
  -1.6756265e+00
  -2.6865789e+00
  -3.8307972e+00
  -2.7055905e+00
  -2.1062449e+00
  -3.9771858e+00
  -4.3995560e+00
  -1.0247074e+00
   2.1906984e+00
   1.5149154e+00
  -1.0583990e+00
  -1.4547123e+00
   1.1085220e+00
   3.6235923e+00
   2.3809918e+00
  -2.0699712e+00
  -4.7304618e+00
  -2.7592966e+00
   1.9755473e+00
   5.6114859e+00
   5.0695524e+00
   2.3596090e+00
   2.4545652e+00
   4.5762920e+00
   4.0030012e+00
   8.4312823e-01
  -4.9502495e-01
   1.3764752e+00
   3.8573688e+00
   4.4774923e+00
   1.8828927e+00
  -1.7645758e+00
  -1.8842706e+00
   1.3882030e+00
   4.4554985e+00
   5.3421028e+00
   3.8230675e+00
   1.3070804e+00
   7.5518765e-01
   3.5911572e+00
   5.8750022e+00
   4.1240773e+00
   2.3947804e+00
   3.6131548e+00
   3.6574757e+00
   3.8743885e-01
  -2.8597340e+00
  -4.2298722e+00
  -4.9598931e+00
  -4.3238883e+00
  -2.2822996e+00
  -2.8035554e+00
  -5.1935660e+00
  -4.1819091e+00
  -1.8143132e+00
  -2.7461926e+00
  -4.0276199e+00
  -3.0405273e+00
  -3.1159210e+00
  -4.8182047e+00
  -4.6639724e+00
  -3.1451441e+00
  -2.6438569e+00
  -2.0592742e+00
  -2.1904953e+00
  -4.9312030e+00
  -5.8715991e+00
  -1.8976875e+00
   1.5793728e+00
   5.1952399e-01
  -3.5785516e-01
   2.9940967e+00
   6.4800717e+00
   7.1951113e+00
   6.6126723e+00
   3.7311484e+00
  -8.0419790e-01
  -2.1896181e+00
   3.6455360e-01
   2.9138464e+00
   3.0973063e+00
   1.3894015e+00
  -2.7288298e-01
   3.6665660e-01
   2.9711279e+00
   4.0463021e+00
   2.1930930e+00
   6.3358565e-01
   2.0529894e+00
   4.2620469e+00
   3.4857017e+00
   6.6287300e-01
  -8.1975202e-01
  -1.1482964e+00
  -1.9151728e+00
  -2.9068654e+00
  -3.1046665e+00
  -2.5743886e+00
  -2.4284002e+00
  -2.3175688e+00
  -2.2890261e+00
  -4.0084217e+00
  -5.2184959e+00
  -2.6828242e+00
  -9.9658499e-02
  -1.7137860e+00
  -4.8682824e+00
  -5.3271052e+00
  -2.5682739e+00
   6.6527021e-01
   1.6366244e+00
   1.2680405e+00
   1.1800711e+00
   8.7862817e-01
   2.6174404e+00
   7.3501802e+00
   8.4738411e+00
   3.7645539e+00
   5.4272599e-01
   1.7858916e+00
   2.6026240e+00
   4.8777379e-01
  -1.4829387e+00
  -3.3950108e-01
   2.8489786e+00
   4.6644113e+00
   3.0124023e+00
  -1.4693068e-01
  -6.6976939e-01
   1.5434447e+00
   3.2350015e+00
   3.2334640e+00
   2.4147090e+00
   1.7745008e+00
   1.3375367e+00
   3.9768596e-01
  -8.5946108e-01
  -1.8818071e+00
  -2.5819732e+00
  -3.0298492e+00
  -3.4245013e+00
  -3.3591964e+00
  -2.6108111e+00
  -1.7794639e+00
  -7.3119130e-01
  -1.3331682e-01
  -1.6622856e+00
  -4.3613192e+00
  -5.4621596e+00
  -3.8007119e+00
  -1.0416787e+00
   1.5899286e-01
  -3.8125047e-01
  -1.7793064e+00
  -3.4600423e+00
  -3.2664175e+00
  -1.4083389e+00
  -9.6244529e-01
  -4.0691374e-01
   2.8890222e+00
   4.4167673e+00
   3.3352326e-01
  -3.7912670e+00
  -2.4631007e+00
   6.9463158e-01
   5.8212974e-01
  -1.1312258e+00
  -1.1150584e+00
   1.1194508e-01
   1.4278450e+00
   1.5921231e+00
  -9.5783543e-01
  -3.3967751e+00
  -1.0100187e+00
   4.2204921e+00
   5.6404917e+00
   2.5010627e+00
   1.4439195e-01
   1.2565828e+00
   3.4969105e+00
   3.6549618e+00
   1.9509017e+00
   1.2116799e+00
   2.6338420e+00
   4.8578233e+00
   5.0970091e+00
   2.0992372e+00
  -8.0702250e-01
  -1.2001041e-01
   2.1999643e+00
   2.0541381e+00
  -1.1612340e+00
  -4.0421034e+00
  -3.3361625e+00
  -7.8511951e-01
  -8.6474758e-01
  -3.7992273e+00
  -5.1505951e+00
  -2.5937820e+00
   8.1264484e-01
   1.8055795e+00
   1.0214496e+00
  -3.1032770e-02
  -8.6481087e-02
   2.0882777e+00
   3.1049848e+00
  -9.3013480e-01
  -4.7686667e+00
  -2.4138131e+00
   6.2424569e-01
  -1.6974422e+00
  -3.6405307e+00
  -5.0350886e-01
   2.2550356e+00
   2.0340113e+00
   1.7277774e+00
   9.3389841e-01
  -3.6011131e-01
   1.3726111e-01
   1.6795993e+00
   2.1004816e+00
   1.3275334e+00
   9.9637255e-01
   1.5880933e+00
   1.7474518e+00
   7.9304205e-01
  -1.1590803e+00
  -2.8180196e+00
  -2.5622743e+00
  -1.6948573e+00
  -2.3460320e+00
  -3.7037286e+00
  -3.6642967e+00
  -2.1691115e+00
  -1.2273666e+00
  -2.1046158e+00
  -3.3797486e+00
  -2.8908023e+00
  -7.7491619e-01
   1.3122960e+00
   2.2165599e+00
   1.8677901e+00
   1.3180256e+00
   1.3004876e+00
   1.2275825e+00
   5.0631637e-01
  -5.2084622e-02
   4.0405618e-01
   1.8207848e+00
   3.6460915e+00
   2.8158449e+00
  -1.3106817e+00
  -2.0734818e+00
   2.6534355e+00
   5.0889287e+00
   1.7925961e+00
  -1.3601810e+00
  -6.0438217e-01
   2.1564219e+00
   4.0489998e+00
   1.9368416e+00
  -3.5634214e+00
  -5.5958934e+00
  -9.4633046e-01
   3.7704866e+00
   2.2984606e+00
  -1.4986227e+00
  -9.1302328e-01
   2.7713955e+00
   4.1353471e+00
   2.6065436e+00
   1.1969847e+00
   1.4473750e+00
   3.3861811e+00
   4.3958845e+00
   1.0831039e+00
  -3.0518337e+00
  -2.0041275e+00
   1.7255894e+00
   9.4827963e-01
  -4.5498425e+00
  -7.6902568e+00
  -5.0808835e+00
  -5.7877511e-01
   1.2476562e+00
  -1.5752745e+00
  -6.5478864e+00
  -7.2479795e+00
  -2.2684519e+00
   1.5421106e+00
  -5.1703238e-01
  -4.4911590e+00
  -5.2647834e+00
  -3.1677933e+00
  -6.1410882e-01
   5.1923521e-01
  -8.5132128e-01
  -2.3218861e+00
  -5.3429905e-01
   3.3938512e+00
   5.4211901e+00
   2.7867905e+00
  -1.8497194e+00
  -1.7853756e+00
   2.9749457e+00
   5.2286486e+00
   3.3624824e+00
   2.3694376e+00
   3.2977957e+00
   2.7956260e+00
   4.7281459e-01
  -1.1543214e+00
  -6.0192261e-01
   1.3988117e+00
   2.0336556e+00
  -5.5668314e-01
  -3.3553788e+00
  -1.3328492e+00
   4.2133889e+00
   6.0584241e+00
   1.3233911e+00
  -5.1844066e+00
  -7.5585325e+00
  -4.7187399e+00
   7.9227679e-02
   2.8541000e+00
   1.6864561e+00
  -8.3579821e-01
  -1.0272644e+00
   4.3959197e-01
   2.0357233e+00
   3.3744122e+00
   2.6792611e+00
   1.8826983e-01
  -7.2844937e-01
   1.1505451e+00
   2.3361374e+00
  -3.9100060e-01
  -2.0892921e+00
   2.3709730e+00
   5.4664494e+00
   1.4298898e+00
  -1.6544509e+00
   6.5486276e-01
   2.3799451e+00
   8.1549258e-01
  -9.2072376e-01
  -1.2608599e+00
  -9.2135103e-01
  -4.5058271e-02
   5.4199446e-01
  -5.1790830e-01
  -2.1617302e+00
  -3.1946744e+00
  -4.1285680e+00
  -4.3466277e+00
  -3.0120137e+00
  -1.2776494e+00
  -1.8620454e-01
   2.7014923e-01
  -5.3582301e-01
  -2.5048854e+00
  -3.3433968e+00
  -1.8652349e+00
   1.5342557e-01
   5.1718268e-01
  -8.2337634e-01
  -1.2975876e+00
   8.5552463e-01
   3.2906816e+00
   3.0198900e+00
   8.3234922e-01
  -4.7584632e-01
   3.3698757e-01
   2.4440353e+00
   3.4185980e+00
   1.1893910e+00
  -1.6079463e+00
  -2.8918718e-01
   3.2558179e+00
   2.7949089e+00
  -1.9258198e+00
  -4.1143138e+00
   4.4547353e-01
   5.6877677e+00
   3.7727939e+00
  -1.1038826e+00
  -6.8225549e-01
   3.0815259e+00
   3.9017341e+00
   1.1457683e+00
  -1.3840705e+00
  -1.1350807e+00
   6.2286847e-01
   1.4136943e+00
   3.0770862e-01
  -1.4283427e+00
  -1.5520423e+00
  -9.7999062e-02
   6.1786286e-01
  -1.0098971e+00
  -4.1103837e+00
  -5.3721454e+00
  -3.5919900e+00
  -1.9437942e+00
  -1.7082909e+00
  -1.7039939e+00
  -2.2365670e+00
  -1.6293810e+00
   1.1156965e+00
   8.3764409e-01
  -4.0361585e+00
  -5.8636285e+00
  -4.9589911e-01
   5.6403218e+00
   5.4626946e+00
   2.3779358e-01
  -4.4233621e+00
  -5.7032356e+00
  -3.6089974e+00
   2.7046171e-01
   2.5840446e+00
   2.0569473e+00
   1.3158286e+00
   2.0365494e+00
   2.9209034e+00
   2.1453196e+00
   5.1152496e-01
   1.9714687e+00
   5.0871146e+00
   3.3234244e+00
  -7.5908432e-01
  -4.3432369e-01
   2.0805486e+00
   2.6040083e+00
   1.1765454e+00
  -1.5451448e+00
  -3.3028219e+00
  -1.4040911e+00
   1.8149280e+00
   2.4373774e+00
   1.1592099e+00
   2.5808897e-01
   2.9703597e-01
   1.6251623e+00
   2.8719798e+00
   1.2977462e+00
  -1.4216916e+00
  -1.5479892e+00
  -8.0192653e-01
  -1.8302135e+00
  -1.8931512e+00
   5.5310688e-01
   2.2830787e+00
   2.0245114e+00
   5.2931223e-01
  -2.5754127e+00
  -4.2892453e+00
  -1.5217371e+00
   1.0482919e+00
  -8.7005096e-01
  -3.4212046e+00
  -2.3895139e+00
   4.1313693e-01
   1.7883274e+00
   1.7813394e+00
   6.0256048e-01
  -1.5913875e+00
  -1.4982934e+00
   1.6523975e+00
   2.3530662e+00
  -2.2745984e+00
  -6.3943973e+00
  -3.1954057e+00
   4.1316169e+00
   7.1493768e+00
   5.0321040e+00
   1.7937330e+00
  -4.6113081e-01
  -7.3004362e-01
  -3.2045319e-01
  -1.1638873e+00
  -2.2083860e+00
  -1.6840997e+00
   3.2385681e-01
   2.2351433e+00
   2.3346428e+00
   4.3849612e-01
  -1.2030446e+00
  -3.3215961e-01
   1.4784061e+00
   6.8755775e-01
  -2.9701758e+00
  -5.6375401e+00
  -4.1093205e+00
  -8.0892639e-01
   3.5978507e-01
   5.1336517e-01
   1.1098098e+00
   1.8384943e-01
  -2.5926110e+00
  -4.6346886e+00
  -3.4400511e+00
   4.4449827e-01
   2.8734217e+00
   1.8087758e+00
   1.2311917e-01
   5.3493081e-01
   2.3440873e+00
   3.4919758e+00
   2.3064585e+00
  -1.3253269e+00
  -3.5605409e+00
  -5.5076030e-01
   4.8822657e+00
   6.6960388e+00
   2.7467688e+00
  -2.7645545e+00
  -2.7844423e+00
   2.2559496e+00
   4.3066816e+00
   1.6280917e+00
  -5.2336167e-01
  -7.2974334e-01
  -8.4701457e-01
  -1.3942268e+00
  -2.4414557e+00
  -2.6322541e+00
  -4.1344155e-02
   2.9770094e+00
   2.0859989e+00
  -2.1656608e+00
  -3.6106486e+00
   1.3663199e+00
   6.2842006e+00
   3.9349722e+00
  -1.2714304e+00
  -1.6713332e+00
   1.4194567e+00
   1.8527143e+00
  -1.6450366e+00
  -5.3565492e+00
  -7.0644773e+00
  -6.5399849e+00
  -3.4830061e+00
  -2.0678461e-01
  -1.6841762e-02
  -1.4580735e+00
  -6.7442002e-01
   1.3519141e+00
   6.6530922e-01
  -2.2306833e+00
  -3.2704869e+00
  -4.0171258e-01
   4.0180254e+00
   4.9923420e+00
   1.0618603e+00
  -2.9707018e+00
  -1.7019700e+00
   3.9584162e+00
   7.1973400e+00
   3.6263559e+00
  -2.8734656e+00
  -4.0230142e+00
   1.9648001e+00
   6.2229942e+00
   2.9845450e+00
  -1.7479815e+00
  -2.3903758e+00
  -8.5016117e-01
   8.5465517e-02
   5.8510781e-01
   1.9017625e+00
   3.0878476e+00
   1.8908655e+00
  -1.2917895e+00
  -4.2470792e+00
  -4.4274683e+00
  -6.4040530e-01
   3.4647022e+00
   3.7381834e+00
   1.6145081e+00
   7.0599073e-01
   1.2585411e+00
   7.9645702e-01
  -1.2250638e+00
  -3.0656219e+00
  -3.8732035e+00
  -3.0393285e+00
  -8.9634820e-01
  -6.7619847e-02
  -1.3232848e+00
  -3.2436768e+00
  -4.2950327e+00
  -2.2408295e+00
   1.3813706e+00
   1.5944255e+00
  -9.0303335e-01
  -1.1960883e+00
   1.1735494e+00
   3.0008366e+00
   2.5980075e+00
   1.2885520e+00
   2.2342606e+00
   5.5467669e+00
   5.7794451e+00
   3.2638867e-01
  -5.0395246e+00
  -3.6486956e+00
   3.5458349e+00
   6.7673521e+00
   3.3680334e-01
  -5.9086385e+00
  -2.4957290e+00
   4.3476796e+00
   5.3189167e+00
   1.2432685e+00
  -2.1010411e+00
  -1.9418498e+00
  -2.3908994e-02
   4.6506173e-01
  -5.0189367e-01
  -1.3391319e+00
  -1.8480991e+00
  -1.4631697e+00
   2.9418507e-01
   1.6767983e+00
   8.7494927e-01
  -5.9793796e-01
  -7.8944201e-01
  -1.1633212e+00
  -2.3460211e+00
  -2.0522475e+00
  -3.0760027e-01
  -3.4734174e-02
  -2.2835771e+00
  -4.6276174e+00
  -4.2241806e+00
  -1.0844828e+00
   1.9939899e+00
   1.9545710e+00
  -1.5840473e+00
  -4.7569821e+00
  -3.7146357e+00
  -1.0433475e+00
  -6.1234242e-01
  -7.9194929e-01
  -3.2526674e-01
   1.5447154e-01
   1.3694829e+00
   2.0422391e+00
   4.3818398e-01
  -2.0586179e+00
  -2.6470127e+00
   1.3491969e+00
   7.0281653e+00
   7.4381866e+00
   4.6685530e+00
   4.4091814e+00
   4.0831162e+00
   2.4668414e+00
   2.5295331e+00
   3.0296199e+00
   2.2329675e+00
   8.3402195e-01
  -5.1188449e-01
  -1.2562120e+00
  -2.6243891e+00
  -4.4139415e+00
  -3.3348156e+00
  -5.3954180e-01
   1.3298078e-01
  -9.5736678e-01
  -1.8015893e+00
  -1.5081281e+00
  -1.0584262e+00
  -2.6006091e+00
  -5.0940305e+00
  -5.1764078e+00
  -2.5377664e+00
  -2.4874487e-01
  -4.5894437e-01
  -2.1906867e+00
  -3.3687739e+00
  -2.9496235e+00
  -2.1084789e+00
  -2.0375892e+00
  -4.2990710e-01
   3.5750908e+00
   5.5345838e+00
   2.9510520e+00
  -1.3449907e+00
  -3.6620450e+00
  -9.9445211e-01
   6.3109593e+00
   1.0841609e+01
   6.0131508e+00
  -3.3679948e+00
  -6.4068536e+00
   8.3134756e-02
   7.4746081e+00
   7.4321638e+00
   3.1055715e+00
   1.0741218e+00
   1.4837354e+00
   1.2955540e+00
  -2.3545343e-01
  -1.0713890e+00
   3.0803549e-01
   2.9725032e+00
   3.8629410e+00
   5.4916627e-01
  -3.4120383e+00
  -2.3718559e+00
   1.6662170e+00
   2.5511251e+00
  -4.6811794e-01
  -2.9598826e+00
  -1.3703698e+00
   2.4260894e+00
   3.1799574e+00
  -2.8531291e-01
  -3.7874700e+00
  -4.0030292e+00
  -1.8872756e+00
  -6.1307173e-02
  -3.3659819e-01
  -2.6874798e+00
  -3.8486263e+00
  -1.9022013e+00
   6.0207472e-01
   2.2239815e+00
   2.8735115e+00
   1.4806365e+00
  -1.1015959e+00
  -3.0156464e+00
  -4.4579392e+00
  -5.5976427e+00
  -4.3876993e+00
  -3.4582242e-01
   2.5759401e+00
   1.0155948e+00
  -2.9808839e+00
  -3.2442243e+00
   2.5927468e+00
   6.4077731e+00
   2.0261527e+00
  -3.6456516e+00
  -3.9812554e+00
  -7.1777189e-01
   2.1319811e+00
   1.3002734e+00
  -2.0467764e+00
  -3.1014695e+00
  -7.8249818e-01
   2.4860108e+00
   4.4748494e+00
   3.1621797e+00
  -1.6993048e-01
  -6.2591423e-01
   2.4057071e+00
   4.0043429e+00
   2.4879921e+00
   1.8150946e+00
   3.3291663e+00
   2.7757162e+00
  -1.5514709e+00
  -4.9043041e+00
  -3.0314170e+00
   1.5409514e+00
   3.0891410e+00
   2.9766952e-01
  -2.9243495e+00
  -3.2664745e+00
  -1.4877041e+00
   4.4826072e-01
   1.3974192e+00
   7.3915713e-03
  -2.9720248e+00
  -3.6646527e+00
  -1.1414195e+00
   5.6490160e-01
  -6.2835715e-01
  -2.2602595e+00
  -1.9828783e+00
  -1.0024351e+00
  -1.9453416e+00
  -2.5988396e+00
   1.0444045e+00
   4.7465143e+00
   2.7764866e+00
  -9.2717598e-01
  -9.5551048e-01
   1.6357857e+00
   4.1182741e+00
   4.5200820e+00
   1.5657159e+00
  -2.4502113e+00
  -3.2468726e+00
  -4.2052619e-01
   2.5944791e+00
   2.8638481e+00
   6.4647742e-01
  -4.7664165e-01
   1.2459513e+00
   3.0486732e+00
   2.6077264e+00
   3.9133657e-01
  -1.4274757e+00
  -8.0243521e-01
   9.9363982e-01
   1.0629699e+00
  -1.4740495e-02
   3.6926224e-01
   1.5152951e+00
   7.0224947e-01
  -2.2818644e+00
  -4.7790778e+00
  -3.6325499e+00
   1.4380695e+00
   6.4550681e+00
   6.7630545e+00
   2.7061083e+00
  -9.7857134e-01
  -1.8179146e+00
  -1.1065113e+00
  -7.9073089e-01
  -1.9506571e+00
  -4.0433910e+00
  -5.4772680e+00
  -5.9658868e+00
  -5.9688103e+00
  -4.5509681e+00
  -2.1253547e+00
  -6.5159222e-01
   2.9166429e-01
   5.7989889e-01
  -1.3124403e+00
  -3.0920483e+00
  -1.9824153e+00
  -1.0914794e-01
  -1.3016818e-01
  -1.1792802e+00
  -1.3850846e+00
  -5.1531191e-02
   1.9329533e+00
   2.3591489e+00
   1.0022522e+00
   8.1333816e-01
   3.0185745e+00
   4.6842332e+00
   2.6643800e+00
  -1.3884690e+00
  -1.9048154e+00
   1.5510729e+00
   2.8170203e+00
   5.1343767e-01
  -9.0059533e-01
  -7.0190875e-01
  -8.1067995e-01
  -4.5488204e-01
   1.0819975e+00
   2.1554716e+00
   1.7408713e+00
   1.5019077e+00
   2.5559608e+00
   3.4609383e+00
   4.2541678e+00
   5.4967758e+00
   4.7893748e+00
   2.0488053e+00
   6.8528759e-01
   1.0533380e+00
   2.1255192e+00
   3.6004142e+00
   2.4057478e+00
  -1.7161230e+00
  -3.6424887e+00
  -1.7288129e+00
   1.5870959e+00
   3.3305580e+00
   7.8718107e-01
  -3.3713880e+00
  -3.5394379e+00
  -5.7747089e-01
   1.0188657e+00
  -9.5769131e-02
  -3.2447295e+00
  -6.4162142e+00
  -6.7144735e+00
  -4.3436416e+00
  -2.2009381e+00
  -1.4534531e+00
  -1.3059450e+00
  -1.3215206e-01
   2.3098151e+00
   2.4876894e+00
  -7.2120771e-01
  -2.1182194e+00
   1.0621133e+00
   3.8508971e+00
   1.0897243e+00
  -4.2164020e+00
  -5.2174975e+00
  -2.1933575e+00
  -1.4778108e+00
  -4.2502056e+00
  -4.7356414e+00
  -7.0640405e-01
   2.1586395e+00
  -4.6441291e-01
  -4.8572083e+00
  -4.7411907e+00
   6.3675635e-01
   5.4819307e+00
   4.6883264e+00
   2.5970506e-01
  -3.4778059e+00
  -5.8093875e+00
  -5.1739281e+00
   1.3666175e+00
   8.4866979e+00
   7.1041189e+00
   1.1489154e+00
   2.0484340e-01
   1.8998943e+00
   3.6042461e-01
  -2.1285686e+00
  -1.2901015e+00
   2.4183191e+00
   3.7913995e+00
  -2.4009362e-01
  -4.5125890e+00
  -3.3937370e+00
   1.2968052e+00
   4.3706800e+00
   2.7589218e+00
  -1.1037666e+00
  -3.8271565e-01
   5.5685564e+00
   8.5930149e+00
   5.2911080e+00
   9.6354347e-01
  -2.3803190e-01
   1.3229905e+00
   3.1089366e+00
   2.2736155e+00
  -1.0329726e+00
  -2.7796319e+00
   1.7860757e-01
   4.8977131e+00
   5.1164518e+00
   9.7014868e-01
  -7.1789570e-01
   1.3690011e+00
   1.1613737e+00
  -2.7709039e+00
  -5.6389673e+00
  -6.0121622e+00
  -5.5311908e+00
  -3.5735516e+00
  -9.4141603e-01
  -1.3235766e+00
  -4.1438394e+00
  -4.1785862e+00
  -5.9987188e-01
   7.9225759e-01
  -2.0709713e+00
  -3.2577397e+00
  -3.8685233e-01
   1.6405135e+00
   1.6507643e+00
   2.6289812e+00
   2.9529607e+00
   1.0057693e+00
   3.0067168e-01
   1.1698326e+00
   5.3801449e-01
  -1.9253059e-01
   1.4430819e+00
   3.1615135e+00
   2.1053156e+00
  -1.5963952e-01
  -4.7162879e-01
   1.0960393e+00
   1.1247186e+00
  -2.0769589e+00
  -4.9426803e+00
  -3.4931425e+00
   8.6352855e-01
   3.3334337e+00
   2.2720265e+00
   5.6028605e-01
   1.8991187e-01
   5.9068843e-01
   2.8206994e-01
  -2.2194119e+00
  -4.7117472e+00
  -3.2724147e+00
   7.2520255e-01
   2.5257781e+00
   7.7826450e-01
  -1.2568524e+00
  -1.1664258e+00
  -6.2685381e-01
  -3.5444301e-01
   8.3033966e-01
   9.1404698e-01
  -6.3372999e-01
   5.3486126e-01
   3.2516600e+00
   1.8842500e+00
  -1.6379605e+00
  -1.7985071e+00
   1.3576448e+00
   3.4598032e+00
   1.6780016e+00
  -1.6405704e+00
  -2.5481399e+00
  -9.5640537e-01
   2.4194968e-01
  -7.0050942e-02
  -4.1650445e-01
  -5.2612609e-01
  -9.1576465e-01
  -1.1662400e+00
  -2.2236485e+00
  -3.9127587e+00
  -3.1363752e+00
  -1.3363605e-01
   1.5343116e+00
   1.2578654e+00
   5.0272357e-01
  -3.7154630e-01
  -7.2536352e-01
   3.7819691e-01
   1.2550651e+00
  -7.6208305e-02
  -1.6695971e+00
  -8.7159626e-01
   1.5120166e+00
   1.9366672e+00
  -8.4962377e-01
  -2.0899458e+00
   1.5217096e+00
   5.1327680e+00
   3.8334248e+00
  -5.6845709e-02
  -2.4103184e+00
  -1.9904028e+00
   8.2048750e-01
   3.9282946e+00
   5.1396045e+00
   4.7941027e+00
   4.0326818e+00
   2.9229210e+00
   4.1894886e-01
  -3.4004518e+00
  -4.7141187e+00
  -1.0751098e+00
   3.1981465e+00
   3.3135185e+00
  -1.4285245e-01
  -3.4115899e+00
  -1.8960371e+00
   3.4994361e+00
   4.0731001e+00
  -3.0620930e+00
  -8.8664180e+00
  -6.3278166e+00
  -7.5671899e-01
  -2.9407937e-01
  -3.3106013e+00
  -4.2615023e+00
  -3.0014984e+00
  -1.0762113e+00
   3.3912165e-01
  -5.1516046e-01
  -1.7697006e+00
  -6.4157841e-01
   5.3145640e-01
   9.2435180e-02
   1.7399591e-01
   2.0697700e-01
  -6.6201700e-01
   1.5936373e-01
   1.1119956e+00
  -1.5090606e+00
  -3.3871115e+00
   9.4986574e-01
   7.1971976e+00
   6.7673011e+00
  -9.6009177e-01
  -6.6660057e+00
  -4.0389850e+00
   1.6587803e+00
   3.8322181e+00
   2.9705970e+00
   1.8095792e+00
   2.1811436e+00
   3.8179358e+00
   3.9055059e+00
   2.2968662e+00
   1.3750342e+00
   2.0445170e+00
   3.4619687e+00
   2.7723728e+00
  -1.2320131e+00
  -4.6054237e+00
  -3.0322780e+00
   1.9744008e+00
   4.8231267e+00
   3.6834964e+00
   1.8239943e+00
   1.6088344e+00
   2.3474801e+00
   2.0318099e+00
  -7.7358249e-01
  -4.0869738e+00
  -3.8725840e+00
  -7.5114412e-01
   6.6595091e-01
  -8.3746341e-01
  -2.8593080e+00
  -3.3317931e+00
  -2.1898034e+00
  -1.6752999e+00
  -2.7330687e+00
  -2.1428483e+00
   1.1029084e+00
   1.7715760e+00
  -2.1493811e+00
  -4.9543798e+00
  -2.6087949e+00
   2.6260715e+00
   6.0616671e+00
   4.6584268e+00
   1.9950546e-01
  -3.1652196e+00
  -3.5367310e+00
  -5.5424596e-01
   3.7245959e+00
   3.7616522e+00
  -1.6648541e+00
  -5.4576974e+00
  -3.7321493e+00
  -1.8162440e+00
  -3.3395175e+00
  -5.5186703e+00
  -5.1915738e+00
  -2.1092206e+00
   1.0082176e-01
  -2.0662278e+00
  -5.4888440e+00
  -4.6998957e+00
  -9.0392916e-02
   3.8087169e+00
   3.7989070e+00
   9.8914800e-01
  -9.0719420e-02
   1.8461677e+00
   3.2439862e+00
   2.4906062e+00
   2.0404901e+00
   3.1543079e+00
   3.7512160e+00
   3.0850081e+00
   2.5321283e+00
   2.1699078e+00
   1.6784970e+00
   1.7792313e+00
   2.8007951e+00
   2.6981535e+00
  -1.8942528e-01
  -2.2971540e+00
  -2.3315793e-01
   2.0447063e+00
   1.2953292e-01
  -3.2073441e+00
  -3.6249209e+00
  -1.2149816e+00
   1.2256357e+00
   1.1986596e+00
  -1.5486261e-01
   1.4305537e+00
   5.2088882e+00
   4.9749293e+00
  -1.2576761e-01
  -4.2886479e+00
  -4.4736670e+00
  -1.8248871e+00
   2.0272406e+00
   3.1601623e+00
  -6.7253005e-02
  -1.4649101e+00
   1.9480044e+00
   3.7435612e+00
   9.6508167e-02
  -3.4783603e+00
  -1.8363025e+00
   1.3906298e+00
   1.0307206e+00
  -2.6678252e+00
  -5.5873579e+00
  -2.7293706e+00
   3.5445420e+00
   5.4855704e+00
   3.1967864e+00
   8.2416940e-01
  -9.5943675e-01
  -1.2007104e+00
   2.6317881e-02
  -5.0789636e-02
  -2.3732835e+00
  -4.5002088e+00
  -3.9932279e+00
  -2.0439805e+00
  -2.0264816e+00
  -4.5622598e+00
  -5.5713769e+00
  -1.8350084e+00
   1.7006890e+00
  -3.1188626e-01
  -2.3476801e+00
   5.6713375e-01
   2.5465309e+00
   5.9296297e-01
  -3.4628117e-02
   2.1083579e+00
   4.2110364e+00
   5.5119344e+00
   4.9532799e+00
   1.8646110e+00
  -3.6871389e-01
   7.5420668e-01
   2.6576441e+00
   2.7001463e+00
   1.1999267e+00
  -7.6627877e-01
  -1.0657479e+00
   1.0187326e+00
   1.3893107e+00
  -1.5443455e+00
  -3.5198588e+00
  -3.4789351e+00
  -3.6922135e+00
  -3.2587809e+00
  -1.3522805e+00
  -1.6449064e-02
   5.5871419e-02
   3.0926573e-01
   6.4792577e-01
  -2.0229828e-01
  -1.4397327e+00
   9.3135151e-02
   5.0381099e+00
   7.1383687e+00
   2.6863223e+00
  -2.1546903e+00
  -2.9684537e+00
  -2.3057914e+00
  -2.7052310e+00
  -4.3672590e+00
  -4.8710339e+00
  -1.5034672e+00
   3.2770903e+00
   4.0789211e+00
   7.7498434e-01
  -1.4447267e+00
  -3.1247557e-01
   9.5655283e-01
  -5.2781974e-01
  -3.4348400e+00
  -4.8474653e+00
  -2.5093037e+00
   3.0253244e+00
   5.7293353e+00
   1.8424758e+00
  -2.9292863e+00
  -2.2906435e+00
   2.0071299e+00
   5.0072504e+00
   3.6436429e+00
  -1.4538641e+00
  -3.8491128e+00
   1.4722571e-01
   4.7175520e+00
   4.8463500e+00
   2.7714913e+00
   1.6991010e+00
   1.5026076e+00
   1.0221619e+00
  -2.9742282e-01
  -3.2802881e+00
  -6.4373035e+00
  -5.8588425e+00
  -2.2642229e+00
  -1.1686580e+00
  -3.6020593e+00
  -4.4347013e+00
  -1.2959054e+00
   1.6089787e+00
   5.8492044e-01
  -1.4474421e+00
  -2.4733525e-02
   3.3712468e+00
   4.2737347e+00
   2.4499512e+00
   1.0038346e+00
   1.0959791e+00
   1.9374528e+00
   2.6426510e+00
   2.1800868e+00
   2.2589170e-01
  -1.1559571e+00
   1.3331360e+00
   5.4785863e+00
   4.4708481e+00
  -4.2945597e-01
  -1.3668990e+00
   1.7118046e+00
   2.4310195e+00
   3.0819228e-01
   4.7264107e-01
   2.9271270e+00
   2.7074185e+00
  -2.6670524e-02
  -1.5456206e+00
  -1.7426086e+00
  -1.6554430e+00
  -4.5819110e-01
   1.8096954e+00
   2.6008079e+00
   8.5948601e-01
  -9.3429063e-01
  -1.1972260e+00
  -8.8071870e-01
  -1.9360824e+00
  -4.6096444e+00
  -5.6936625e+00
  -4.0699335e+00
  -2.6196697e+00
  -2.8435998e+00
  -3.9890451e+00
  -4.8036016e+00
  -4.4212439e+00
  -2.4637447e+00
   2.5668898e-01
   6.7882515e-01
  -1.4847430e+00
  -2.0858071e+00
  -3.0618453e-01
   8.1275196e-01
   6.3530005e-01
   6.3069089e-01
   1.5959714e+00
   2.7110946e+00
   1.6652866e+00
  -7.6174319e-01
   5.6995216e-01
   5.2376271e+00
   5.5993146e+00
   8.5531474e-01
  -1.7477680e+00
   1.9420307e-01
   2.6358797e+00
   2.1765373e+00
  -6.8932287e-01
  -2.7402476e+00
  -1.7417817e+00
   8.4609287e-01
   1.6449886e+00
  -2.0585905e-01
  -1.7468636e+00
  -4.9605062e-01
   1.8073886e+00
   2.1196496e+00
   7.0385649e-01
   1.8680996e-01
   1.2204095e+00
   1.1610902e+00
  -1.2035263e+00
  -2.5483062e+00
  -1.7575773e+00
  -1.7067467e+00
  -1.1679784e+00
   1.7913392e+00
   2.8361327e+00
  -5.4477463e-01
  -3.5096479e+00
  -2.4208854e+00
  -3.2598099e-01
  -8.6434060e-01
  -2.4827697e+00
  -2.1647662e+00
  -4.6094044e-01
   8.6948256e-01
   1.4305514e+00
   1.4870576e+00
   2.1850844e+00
   3.5057595e+00
   3.5932882e+00
   2.7082266e+00
   1.7765954e+00
   7.6567984e-01
   1.5206355e+00
   3.5163527e+00
   3.0923059e+00
   1.4788506e+00
   2.1107384e+00
   3.4650571e+00
   2.5300922e+00
  -3.6414725e-01
  -2.6415239e+00
  -3.1253722e+00
  -2.9482599e+00
  -2.6195394e+00
  -1.7127666e+00
  -6.9938627e-01
  -1.4571839e-02
   8.0263737e-02
  -1.4015586e+00
  -3.6762417e+00
  -4.2485407e+00
  -3.1315707e+00
  -1.3950239e+00
   1.2985557e+00
   3.0051903e+00
   8.5606634e-01
  -2.2417417e+00
  -1.6193499e+00
   6.6929507e-01
   5.9990818e-01
  -9.5318385e-01
  -1.9615934e+00
  -1.8175721e+00
  -4.5675191e-01
   3.1440676e-01
  -3.5699452e-01
  -1.0874458e-01
   1.2220688e+00
   1.2426563e+00
   1.9568843e-01
  -8.6819123e-01
  -2.1819314e+00
  -1.9180098e+00
   1.7990573e+00
   4.9806311e+00
   2.9411895e+00
  -6.4912413e-01
   2.7870228e-01
   4.4796455e+00
   5.8887577e+00
   1.5675674e+00
  -3.8751490e+00
  -3.9541653e+00
   5.1266881e-02
   1.3123332e+00
  -1.8252344e+00
  -3.4598450e+00
  -3.4600210e-01
   2.4336453e+00
   1.2997932e+00
   1.2202145e-01
   1.0278281e+00
   6.4732377e-01
  -2.0361236e+00
  -4.2361119e+00
  -3.9359654e+00
  -8.0924626e-01
   2.5080465e+00
   2.1742318e+00
  -1.6476956e+00
  -6.5240869e+00
  -9.3556626e+00
  -5.8207018e+00
   2.1323715e+00
   5.6632471e+00
   2.5775407e+00
  -9.1756845e-01
  -7.6199266e-01
   2.1221133e+00
   3.7432956e+00
   2.6616428e+00
   2.7207112e+00
   4.0773941e+00
   2.9229441e+00
   1.7945276e-02
  -7.9870756e-01
   2.1869440e+00
   5.5496894e+00
   4.7455229e+00
   1.7320649e+00
  -4.3344912e-01
  -1.8173539e+00
  -1.8313772e-01
   4.1846025e+00
   4.8309682e+00
  -8.4578062e-02
  -4.3341516e+00
  -3.3525432e+00
  -2.8836653e-01
  -4.5487990e-01
  -2.3525580e+00
  -1.0479027e+00
   2.4371873e+00
   3.9176561e+00
   2.6212028e+00
   5.0920195e-02
  -2.3341448e+00
  -3.4929710e+00
  -3.7135497e+00
  -4.3956395e+00
  -5.1399452e+00
  -4.0902072e+00
  -2.2605767e+00
  -1.7219912e+00
  -1.4310815e+00
  -5.5844315e-01
  -6.9583617e-03
   9.3426823e-01
   1.8407756e+00
  -3.2674209e-01
  -4.6816320e+00
  -5.8634559e+00
  -2.3815113e+00
   8.8893928e-01
   2.1081872e-01
  -2.8100402e+00
  -4.9522240e+00
  -3.8734692e+00
   1.4791561e+00
   8.7329023e+00
   1.1289760e+01
   6.0830053e+00
   8.4813046e-01
   2.2435265e+00
   4.5887349e+00
   2.1779936e+00
  -8.1085872e-01
  -1.0915019e-01
   1.8848867e+00
   2.0974445e+00
   2.5510512e-02
  -3.0465392e+00
  -3.0604873e+00
   1.3505119e+00
   3.7360025e+00
   7.5786480e-01
  -8.0107735e-01
   1.5578770e+00
   1.0738016e+00
  -2.6625109e+00
  -2.6583316e+00
   9.5141494e-01
   2.2624706e+00
   8.9116441e-01
  -5.5030720e-01
  -2.6766528e+00
  -5.1729716e+00
  -5.2053324e+00
  -2.5688562e+00
  -3.2468307e-01
  -7.0946772e-01
  -2.6896098e+00
  -3.5254294e+00
  -1.4175975e+00
   2.5418519e+00
   4.0211111e+00
   1.4261439e+00
  -8.3834276e-01
  -1.6980659e-01
   1.0905929e+00
   1.5470746e-01
  -2.2759593e+00
  -5.1762784e-01
   5.6921837e+00
   6.8218271e+00
   1.3508371e+00
  -6.6641906e-01
   3.0237299e+00
   4.3690154e+00
   1.0111892e+00
  -1.3479025e+00
  -3.9980665e-01
   3.3238873e-01
  -8.6615565e-01
  -1.9932110e+00
  -2.0723692e+00
  -1.7998045e+00
  -9.0650038e-01
   1.0082119e+00
   2.5103809e+00
   1.6685193e+00
  -1.1990582e+00
  -2.9476696e+00
  -1.5954504e+00
   5.8298324e-01
   7.1230420e-01
  -1.2114401e+00
  -2.5733292e+00
  -1.1158430e+00
   9.0581412e-01
  -1.2008236e-01
  -2.3142073e+00
  -1.6960983e+00
   3.4758208e-01
  -1.0555478e-01
  -2.9018420e+00
  -4.3225207e+00
  -2.0481611e+00
   1.7069437e+00
   2.2656523e+00
  -1.1777817e+00
  -3.1982112e+00
  -2.8689335e-01
   3.2530957e+00
   2.9762369e+00
   9.9030662e-01
   6.6163481e-01
   1.6303402e+00
   2.7425081e+00
   2.9269325e+00
   9.6034333e-01
  -5.9284545e-01
   2.2177827e+00
   7.3201069e+00
   8.2635260e+00
   3.6931666e+00
  -4.7592130e-01
  -5.4908768e-01
   5.8978546e-01
   6.0798270e-01
   1.9655681e-01
  -9.9651465e-01
  -1.6496260e+00
   1.1579487e+00
   2.4906916e+00
  -3.1889921e+00
  -8.3954314e+00
  -5.9027174e+00
  -8.0935847e-01
   7.3793266e-01
  -1.2783407e+00
  -4.1512424e+00
  -5.3403213e+00
  -4.8570599e+00
  -4.0354759e+00
  -2.5974601e+00
  -7.0906784e-01
  -1.0266723e-02
  -5.8005038e-01
  -1.0905236e+00
  -9.3524865e-01
  -2.3282620e-01
  -2.2836239e-01
  -1.6628540e+00
  -2.4629280e+00
  -1.9983575e+00
  -2.3729377e+00
  -3.0250072e+00
  -2.3470642e+00
  -1.1913037e+00
  -5.2163228e-01
   6.5521211e-01
   4.0450665e+00
   7.1057992e+00
   5.2439238e+00
   1.3308190e+00
   1.9795602e+00
   6.0167798e+00
   7.4435239e+00
   5.1740647e+00
   1.6860171e+00
  -1.1540359e+00
  -9.2952975e-01
   2.6102185e+00
   4.5985403e+00
   2.5572544e+00
   7.6002278e-01
   1.7972796e+00
   3.6739850e+00
   4.8062297e+00
   3.9725391e+00
   6.4223035e-01
  -1.9321241e+00
  -2.9401872e-01
   2.4381305e+00
   1.2965681e+00
  -1.5513882e+00
  -2.0763930e+00
  -1.4918670e+00
  -1.8508657e+00
  -2.6283020e+00
  -2.9381687e+00
  -2.8268064e+00
  -2.3860502e+00
  -1.0766989e+00
   3.6196440e-02
  -1.4971533e+00
  -3.6448336e+00
  -2.2829998e+00
   4.4763840e-01
   3.5579461e-02
  -2.2989670e+00
  -2.1345714e+00
   1.6241555e-01
   5.1621499e-01
  -7.3381098e-01
  -1.0619428e+00
  -1.3762738e+00
  -2.6281785e+00
  -3.2878866e+00
  -1.9139517e+00
   6.7379807e-01
   2.3936738e+00
   1.8991198e+00
  -1.2451879e+00
  -4.9693398e+00
  -4.8923647e+00
  -1.1617065e+00
   9.0446296e-01
  -2.1741781e-01
  -2.0954150e+00
  -3.5977113e+00
  -2.4169481e+00
   2.8395587e+00
   6.3877936e+00
   2.3437975e+00
  -5.1378159e+00
  -7.4941130e+00
  -3.0846777e+00
   2.6757666e+00
   4.5735884e+00
   2.4049893e+00
   2.7065410e-01
   9.1643935e-01
   2.5258391e+00
   2.7245429e+00
   2.2609318e+00
   2.5372368e+00
   3.1108762e+00
   3.3475777e+00
   2.8509995e+00
   8.3752625e-01
  -2.1718010e+00
  -3.5783421e+00
  -1.3898669e+00
   2.9649452e+00
   5.5212093e+00
   3.4892106e+00
   2.0212173e-01
   1.8155702e+00
   5.6871410e+00
   4.7389977e+00
   1.7144334e+00
   2.5576077e+00
   3.8891055e+00
   1.7400800e+00
  -1.4995120e-01
   7.0694108e-02
  -9.7773336e-01
  -3.7959590e+00
  -4.9803604e+00
  -2.1305043e+00
   2.6769602e+00
   3.5160274e+00
  -1.6845094e+00
  -7.5600163e+00
  -9.0425159e+00
  -5.9511010e+00
  -1.3032531e+00
   3.1931806e-01
  -2.2689737e+00
  -4.4229198e+00
  -2.4536042e+00
   1.1064212e+00
   2.2313073e+00
   6.4594308e-01
  -1.8546997e+00
  -2.7820820e+00
  -5.7293148e-01
   1.7658783e+00
   8.0601643e-01
  -1.4904285e+00
  -1.5543684e+00
   6.4220627e-01
   2.1973925e+00
   1.3758146e+00
   2.7112146e-01
   5.6189830e-01
   3.1352295e-01
  -5.9619822e-02
   1.0784063e+00
   7.3420181e-01
  -2.3908873e-01
   2.3999446e+00
   4.2008699e+00
   1.0786585e+00
  -1.9585726e+00
  -1.8782201e+00
  -1.5467784e-01
   2.0104542e+00
   1.7402042e+00
  -1.4680459e+00
  -1.9721479e+00
   1.6169088e+00
   2.9320923e+00
   1.3652048e-01
  -2.0304527e+00
  -1.1033564e+00
   1.7484329e+00
   3.0168888e+00
  -4.2913830e-01
  -4.4895870e+00
  -2.7775468e+00
   1.6887421e+00
   2.0971550e+00
  -9.8293047e-01
  -2.9339683e+00
  -2.1968732e+00
  -1.8639921e-01
   1.0757192e+00
   2.7646950e-01
  -1.5882480e+00
  -1.8844637e+00
   4.1385048e-01
   3.1679087e+00
   3.5409206e+00
   2.2057617e+00
   1.7606337e+00
   2.1911473e+00
   2.6094385e+00
   3.0331097e+00
   1.6952264e+00
  -2.0852354e+00
  -3.3003194e+00
   1.2009229e-02
   1.3680161e+00
  -1.3062512e+00
  -2.4342466e+00
  -3.4252904e-02
   2.1271975e+00
   1.6989080e-01
  -4.4291062e+00
  -5.9014641e+00
  -2.9780126e+00
  -1.6460719e-01
  -9.3144217e-01
  -4.1709090e+00
  -5.3611897e+00
  -1.9910903e+00
   2.5146799e+00
   3.0052001e+00
   4.2057352e-01
   3.1276370e-01
   2.4349189e+00
   2.9099633e+00
   3.3096207e+00
   4.4228646e+00
   3.5077901e+00
   1.9259070e+00
   1.4303452e+00
   7.0307510e-01
   2.3989664e-01
   1.3614859e+00
   2.7257353e+00
   1.2656033e+00
  -3.0763610e+00
  -5.4956027e+00
  -2.9535312e+00
   1.5495960e+00
   3.6035671e+00
   1.3324362e+00
  -3.7295300e+00
  -6.3682858e+00
  -3.3629511e+00
   1.4547799e+00
   2.8824854e+00
   1.7611561e+00
   2.6050648e+00
   4.1664636e+00
   1.2840914e+00
  -3.8594564e+00
  -5.4236847e+00
  -3.9584585e+00
  -2.7804506e+00
  -1.2391873e+00
   1.0106630e+00
   8.4141561e-01
  -8.7385164e-01
   9.2690060e-01
   5.3552281e+00
   5.7130425e+00
   1.0849534e+00
  -1.2171743e+00
   1.8013057e+00
   3.6654325e+00
   5.7524562e-01
  -2.9157517e+00
  -3.4335985e+00
  -2.5003087e+00
  -1.1823072e+00
  -7.3028697e-01
  -3.2745609e+00
  -5.5724959e+00
  -2.9795026e+00
   1.2608069e+00
   2.0472907e+00
  -3.1243252e-01
  -3.0385724e+00
  -3.4169419e+00
  -1.2106863e+00
   1.1006097e-01
  -7.3100067e-01
  -3.8843904e-01
   2.0280112e+00
   2.4702593e+00
  -3.3298307e-01
  -1.1807916e+00
   2.7317155e+00
   6.1021984e+00
   3.7275153e+00
  -1.4411727e+00
  -2.2450773e+00
   1.4048271e+00
   2.8435021e+00
   1.6005052e+00
   1.5583269e+00
   7.3656040e-01
  -2.2707201e+00
  -2.6606875e+00
   1.1336841e+00
   3.9153507e+00
   2.2756676e+00
  -1.5386627e+00
  -3.2507174e+00
  -1.3414137e+00
   5.0817024e-01
  -6.5909383e-03
   4.9350208e-01
   2.4040316e+00
   2.6468666e+00
   2.2012995e+00
   1.6250072e+00
  -7.0396186e-01
  -1.5529071e+00
   1.6044823e+00
   2.8123679e+00
  -1.9692153e+00
  -6.1771670e+00
  -4.0573728e+00
  -5.0483664e-01
  -7.4624618e-01
  -2.0143050e+00
  -1.2926956e+00
   5.7781855e-01
   1.4893818e+00
  -6.5957898e-01
  -3.7639221e+00
  -2.2683941e+00
   3.0266559e+00
   4.6546084e+00
   1.7442228e-01
  -4.1090342e+00
  -2.4818906e+00
   1.6425730e+00
   1.8624813e+00
   4.4210840e-02
   3.6202863e-01
   1.0919991e+00
   1.6141151e+00
   3.1068139e+00
   3.0038865e+00
   7.2810689e-01
   6.1758329e-02
   1.4694958e+00
   2.6210551e+00
   2.9982254e+00
   1.4904132e+00
  -1.1530457e+00
  -7.6118877e-01
   1.2486880e+00
   3.5422702e-01
  -7.4385804e-01
   1.5364027e+00
   3.8129228e+00
   2.5008132e+00
  -4.8688113e-01
  -2.2896358e+00
  -2.5944722e+00
  -1.4164355e+00
   7.7401889e-02
  -1.2884160e+00
  -4.8539213e+00
  -5.7038615e+00
  -2.8469830e+00
  -6.4103698e-01
  -1.7262004e+00
  -3.2136112e+00
  -1.8743856e+00
   5.4208751e-01
   1.1196922e+00
  -1.5170426e-01
  -2.2754746e+00
  -3.0637700e+00
  -5.4533743e-03
   3.9842394e+00
   3.5084030e+00
  -6.5922932e-01
  -3.2955176e+00
  -1.6951328e+00
   1.9815976e+00
   2.9286522e+00
   2.3963649e-01
  -4.4558011e-01
   3.2776133e+00
   5.4088525e+00
   2.1223470e+00
  -2.2724870e+00
  -2.9626680e+00
  -2.1663177e-01
   2.8312640e+00
   3.1942748e+00
   4.8804423e-01
  -2.8390458e+00
  -3.5983590e+00
  -5.2293222e-01
   2.3811066e+00
   8.0879545e-01
  -1.5390631e+00
   3.1591151e-01
   2.4435600e+00
  -4.5895421e-01
  -5.1239289e+00
  -5.7790715e+00
  -1.8906157e+00
   2.1771801e+00
   1.7240298e+00
  -2.5095382e+00
  -4.8419026e+00
  -1.9483333e+00
   2.6203871e+00
   3.4510131e+00
   8.3509846e-01
  -1.9359669e-01
   2.9171254e+00
   5.8785201e+00
   3.2996884e+00
  -1.9567665e+00
  -2.9421458e+00
   7.8455694e-02
   8.4948164e-01
  -2.6563441e+00
  -6.2477460e+00
  -5.6795323e+00
   1.5133664e-01
   5.7256632e+00
   3.5117091e+00
  -2.3428696e+00
  -3.0954917e+00
   6.6796532e-01
   4.2190004e+00
   4.4331253e+00
   1.5337195e+00
  -5.7518354e-01
  -7.5352911e-01
  -1.2452773e+00
  -1.4373070e+00
   5.8842885e-01
   2.8681827e+00
   2.6823984e+00
   2.3529910e+00
   4.5431743e+00
   4.9852683e+00
   9.5040265e-01
  -9.7474597e-01
   2.3588925e+00
   4.1501340e+00
   1.4671358e+00
  -4.1121805e-01
   6.0883413e-01
   1.0712470e+00
  -8.8531020e-01
  -3.6709120e+00
  -4.3578149e+00
  -1.4049024e+00
   2.3409388e+00
   2.0808031e+00
  -2.4436024e+00
  -6.3807418e+00
  -5.4832071e+00
  -7.6196480e-01
   2.1579933e+00
  -1.3045208e-01
  -3.6891828e+00
  -3.1225044e+00
   3.8300816e-01
   1.1525924e+00
  -2.7690540e+00
  -5.7727195e+00
  -2.7194542e+00
   2.0265364e+00
   1.9637255e+00
  -1.5934174e+00
  -3.5668231e+00
  -1.3668843e+00
   3.2946939e+00
   4.7011680e+00
   4.9759468e-01
  -3.5451867e+00
  -2.9269625e+00
  -8.7897920e-02
   1.9651412e+00
   1.3937546e+00
  -1.7697263e+00
  -2.1861653e+00
   2.5175622e+00
   5.3123056e+00
   2.1802728e+00
  -9.0104202e-01
  -2.0673147e-01
   3.8375584e-01
  -7.1400449e-01
  -5.7045918e-01
   8.6144461e-01
   1.4209858e+00
   1.2228570e+00
   1.3703795e-01
  -1.8146980e+00
  -1.4675211e+00
   1.7076262e+00
   3.3220340e+00
   8.4418412e-01
  -3.6138137e+00
  -5.1524172e+00
  -1.0331833e+00
   4.1358663e+00
   3.7627775e+00
  -4.4261514e-01
  -1.3795977e+00
   2.1359102e+00
   4.3713374e+00
   1.9198970e+00
  -2.4589131e-01
   2.7817406e+00
   5.8895589e+00
   4.1647977e+00
   1.6124391e+00
   6.3780201e-01
  -7.7537547e-01
  -1.1859598e+00
   9.3916001e-01
   1.6082780e+00
  -1.9791265e+00
  -5.3664611e+00
  -4.0661781e+00
  -1.5703360e+00
  -2.2905150e+00
  -3.7141740e+00
  -3.1401123e+00
  -1.7301351e+00
   1.1125063e-01
   1.8247352e+00
   1.1539721e+00
  -1.6283338e+00
  -3.4390735e+00
  -3.1655073e+00
  -2.5586628e+00
  -2.3337445e+00
  -1.2427750e+00
   4.9246915e-01
   1.3220087e+00
   1.1296723e+00
   1.3391475e+00
   3.0610485e+00
   4.7789234e+00
   4.1601117e+00
   1.3611325e+00
  -1.1392868e+00
  -7.2018672e-01
   1.2110216e+00
   1.1643070e+00
  -5.9703452e-01
  -2.2545658e+00
  -2.8174698e+00
  -1.5718272e+00
   4.4690929e-01
   1.7125171e+00
   1.7656106e+00
   1.0427456e-01
  -1.8219618e+00
  -6.1483349e-01
   2.2352068e+00
   1.4227867e+00
  -1.6351964e+00
  -8.1693930e-01
   3.5368963e+00
   5.4273204e+00
   2.0937466e+00
  -1.8890244e+00
  -1.6451678e+00
  -3.9547806e-01
  -1.2779392e+00
  -1.2303666e+00
  -7.2388436e-01
  -2.0179071e+00
  -1.8899975e+00
  -1.6364643e-01
  -7.1161708e-01
  -1.2979273e+00
   1.0415819e+00
   2.3168631e+00
   7.0436862e-02
  -2.6676693e+00
  -3.8228376e+00
  -2.9713118e+00
  -4.7068608e-01
   1.0955359e+00
   4.4579678e-01
  -6.1023824e-01
  -4.8399143e-01
   1.3777760e+00
   3.1255471e+00
   1.1700056e+00
  -2.8385012e+00
  -3.6891628e+00
  -1.0558187e+00
   1.6368570e+00
   2.0278355e+00
   4.9230047e-01
   1.3452782e-02
   1.5786480e+00
   1.6044801e+00
  -7.0324229e-01
  -3.6217894e-01
   3.2068116e+00
   4.0954692e+00
   7.9966833e-01
  -1.9129608e+00
  -5.2929612e-01
   3.6187444e+00
   5.5189395e+00
   1.4854212e+00
  -5.1930465e+00
  -6.8467859e+00
  -1.3135180e+00
   5.0625161e+00
   5.3978644e+00
   1.7881910e-01
  -3.9253322e+00
  -3.0498936e+00
   2.8941563e-02
   1.5003727e+00
   8.0485749e-01
  -8.5087429e-01
  -2.2108504e+00
  -1.1786158e+00
   2.5083144e+00
   4.3129314e+00
   1.1081485e+00
  -2.1173461e+00
   7.7269223e-01
   5.1116993e+00
   2.6618623e+00
  -2.4604392e+00
  -1.7936315e+00
   1.7701532e+00
   1.0103015e+00
  -2.8549786e+00
  -3.9843944e+00
  -2.1437262e+00
  -1.8400512e+00
  -3.5630162e+00
  -4.0882829e+00
  -3.2654390e+00
  -2.0447544e+00
   4.5655112e-02
   7.2411247e-01
  -2.2212714e+00
  -4.9472976e+00
  -3.1368934e+00
   4.7433423e-01
   1.4011202e+00
   1.0296419e+00
   1.6843335e+00
   1.8411928e+00
   1.5516472e+00
   2.3348919e+00
   2.1276272e+00
  -5.0572175e-02
  -3.9541128e-01
   1.8452422e+00
   2.0992254e+00
   1.1967103e-02
  -3.6674119e-01
   1.0111986e+00
   1.8632288e+00
   2.3533285e+00
   2.6557742e+00
   8.3714060e-01
  -2.6269840e+00
  -2.6814110e+00
   1.6285173e+00
   4.0629965e+00
   2.2640373e+00
   5.2245303e-01
   8.6997405e-01
