   2.4100450e+00
   6.2674961e-01
  -8.5010778e-01
   1.0881035e+00
   1.4467847e+00
  -1.6141570e+00
  -1.9872311e+00
   2.7451734e+00
   6.0495901e+00
   3.8255348e+00
   1.4660535e+00
   2.1905431e+00
   1.3890764e+00
  -7.5622687e-01
  -1.2706643e+00
  -1.3623273e+00
  -5.7441815e-01
   3.1053933e+00
   5.7845969e+00
   2.6352462e+00
  -3.1996182e+00
  -3.8409116e+00
   2.0507583e+00
   5.6100672e+00
   2.6269877e+00
  -6.6294520e-01
  -3.9725304e-01
   5.9981980e-01
   4.8453658e-03
  -3.9098329e-01
   2.4140871e-01
  -9.6617245e-01
  -4.4876411e+00
  -7.3022981e+00
  -6.5418667e+00
  -1.3993202e+00
   3.1198626e+00
   2.7522433e+00
  -1.6985908e+00
  -5.4664786e+00
  -3.9803327e+00
   9.0236874e-01
   3.3662441e+00
   6.1291750e-01
  -3.8972911e+00
  -5.0174992e+00
  -2.0161008e+00
   2.2965024e+00
   3.6214590e+00
   1.3036777e+00
  -9.7707899e-01
  -1.9015516e+00
  -3.7541588e+00
  -4.4924463e+00
  -2.0754654e+00
   1.1415312e-01
  -8.2824554e-01
  -1.6825754e+00
  -1.7781533e+00
  -3.0831798e+00
  -4.1027347e+00
  -1.7599798e+00
   2.6199109e+00
   5.5723045e+00
   5.0895272e+00
   1.9541979e+00
   1.1999495e-01
   2.3638314e+00
   5.2505557e+00
   3.8864752e+00
   6.3964907e-01
   2.0349415e+00
   4.9289859e+00
   2.7988129e+00
  -3.0545871e+00
  -4.6649606e+00
   2.4924783e-01
   4.9140971e+00
   4.1054124e+00
   1.0577671e+00
   6.5722107e-02
   4.0693649e-01
   1.1478254e+00
   1.7100750e+00
   1.5277167e+00
   2.2118456e+00
   3.0581137e+00
   9.5503570e-01
  -2.8428245e+00
  -5.2623985e+00
  -4.5171053e+00
  -1.4996118e-01
   4.5017620e+00
   4.4817533e+00
   1.8593849e-01
  -2.9035920e+00
  -3.4812297e+00
  -3.8015518e+00
  -4.6205745e+00
  -4.6627418e+00
  -2.4380440e+00
   2.6923394e-01
   9.0485915e-01
  -1.4786686e+00
  -3.9904888e+00
  -3.5014279e+00
   9.6673556e-01
   5.8864501e+00
   5.8233938e+00
  -4.3923108e-01
  -5.0352971e+00
  -2.2075372e+00
   2.7028361e+00
   2.6099574e+00
   2.3382283e-02
  -7.3820160e-01
  -1.8959920e-01
  -1.5747409e+00
  -2.6865546e+00
  -1.6984646e+00
   1.0927010e+00
   3.9781121e+00
   5.3560783e+00
   1.6661459e+00
  -3.6634904e+00
  -3.7117044e+00
   1.3309933e+00
   4.6001803e+00
   3.1001093e+00
  -5.0019587e-01
  -1.5185889e+00
  -2.7708082e-01
   2.0209136e+00
   4.0814664e+00
   3.2361735e+00
   1.3065498e+00
   2.0713466e+00
   3.1210553e+00
   4.0867777e-01
  -2.3352710e+00
  -2.1314881e+00
  -1.7986562e+00
  -2.9031730e+00
  -3.7655200e+00
  -4.2974680e+00
  -4.2237881e+00
  -3.3194139e+00
  -3.4860936e+00
  -5.4490486e+00
  -5.5006823e+00
  -1.9202907e+00
   1.6947230e+00
   2.2341850e+00
   5.9853955e-01
  -1.2040592e+00
  -1.9784040e+00
   7.9014066e-01
   5.0648553e+00
   5.2073660e+00
   1.6298865e+00
  -1.7292241e+00
  -2.4692429e+00
   1.3782116e+00
   7.0455294e+00
   6.4883801e+00
  -1.0032699e-02
  -4.0012648e+00
  -2.1824218e+00
   1.1088023e+00
   1.3839543e+00
  -1.4018090e+00
  -1.8011446e+00
   1.2229103e+00
   2.8019710e+00
   1.8314775e+00
   8.5448422e-01
   1.0421729e+00
   2.1974036e+00
   1.8765897e+00
  -9.2334582e-01
  -2.4524687e+00
  -5.9692945e-01
   6.3874939e-01
   6.8015887e-01
   7.3531176e-01
  -1.0156544e-01
  -4.4125751e-01
   1.7188155e+00
   2.3527943e+00
  -1.3019764e-01
  -1.8432071e+00
  -7.4165934e-01
   8.8076011e-01
   5.6667218e-01
  -6.6641831e-01
   1.1121497e-01
   1.9592517e+00
   1.5167971e+00
  -1.1657212e-01
  -2.0557244e+00
  -4.6371847e+00
  -3.9363069e+00
   3.4568006e-01
   1.2938278e+00
  -2.1382989e+00
  -3.5240143e+00
  -1.0935722e+00
   1.1502302e+00
   4.3489140e-01
  -1.4320875e+00
  -8.7820451e-01
   1.6675960e+00
   2.3711984e+00
   2.9911686e-01
  -2.0262435e+00
  -1.4674814e+00
   1.0622980e+00
   2.3723962e+00
   1.4177583e+00
  -9.0535276e-01
  -7.9019341e-01
   3.5260253e+00
   6.6276696e+00
   4.4214104e+00
   6.3036898e-02
  -2.0417301e+00
  -8.4623341e-01
   1.5262719e+00
   1.1468119e+00
  -2.1907269e+00
  -4.7667925e+00
  -3.8943356e+00
  -1.9336238e+00
  -2.3707035e+00
  -3.9673810e+00
  -4.0322352e+00
  -2.2176890e+00
  -5.0128062e-01
  -1.9702624e-01
  -1.5825093e+00
  -1.8797156e+00
   1.3063672e+00
   4.4824896e+00
   3.4803550e+00
  -8.4923045e-01
  -3.5019463e+00
  -9.4753061e-01
   3.3212125e+00
   3.1194224e+00
  -8.5490786e-01
  -2.3979599e+00
   1.3552754e+00
   5.5037643e+00
   3.8940243e+00
  -1.2529994e+00
  -3.3471838e+00
  -8.3892681e-01
   2.5495052e+00
   4.8904032e+00
   3.7229154e+00
  -3.5033758e-01
  -3.7689065e+00
  -2.7003790e+00
   6.9531097e-01
   1.3509928e+00
  -7.7149569e-01
  -1.4567521e+00
  -5.8636466e-01
   5.8553525e-01
   5.5770323e-01
   4.6049499e-02
   2.6154098e-01
   7.0253045e-01
  -2.2099324e-01
  -3.3196254e+00
  -5.8815103e+00
  -2.7717552e+00
   3.1664127e+00
   4.0616170e+00
   5.0242222e-01
  -1.2624059e+00
   3.0136430e-01
   3.5400352e+00
   6.1678577e+00
   5.0055096e+00
   8.4375752e-01
  -1.2411465e+00
   5.5394436e-01
   1.5604428e+00
  -1.8174526e+00
  -4.9643682e+00
  -2.5344550e+00
   2.7216149e+00
   2.9101395e+00
  -2.0269473e+00
  -5.3338788e+00
  -4.1995126e+00
  -1.8240994e+00
  -1.8905105e+00
  -3.7604588e+00
  -5.0320685e+00
  -2.5837800e+00
   3.3582556e+00
   6.4096363e+00
   3.4768849e+00
  -6.7912285e-01
  -9.2486628e-01
   1.9108131e+00
   3.9854842e+00
   3.4550488e+00
   1.7523983e+00
   1.5793560e+00
   2.9840319e+00
   2.3160495e+00
  -1.4265716e+00
  -4.8269355e+00
  -4.2022673e+00
   1.1094869e+00
   4.6014140e+00
   8.2619879e-01
  -3.9231105e+00
  -3.0475109e+00
   4.8623001e-01
   2.2098291e+00
   2.0451179e+00
   1.0212804e+00
  -4.3361789e-01
  -1.4677775e+00
  -1.1807230e+00
  -3.6350712e-01
  -1.8907025e+00
  -3.6242859e+00
  -2.9876585e+00
  -2.5787517e+00
  -3.0562447e+00
  -3.9740757e-01
   4.3337713e+00
   4.1452609e+00
  -8.5583902e-01
  -5.1839751e+00
  -6.7434248e+00
  -3.2976281e+00
   2.6687682e+00
   4.1339535e+00
   1.0057268e-02
  -3.8104474e+00
  -3.8307178e+00
   5.2195726e-01
   4.2791084e+00
   3.1922686e+00
   1.0210460e+00
   4.9273238e-01
   6.8448526e-01
   2.5073804e+00
   4.1401925e+00
   2.1963378e+00
   9.8220172e-01
   2.0451312e+00
   8.3541742e-01
  -3.1779007e+00
  -4.2633004e+00
  -4.3013820e-01
   3.6981073e+00
   3.1300614e+00
  -4.8759078e-01
  -2.4286380e+00
  -1.0979833e+00
   1.3520163e+00
   1.7040752e+00
  -1.2622085e+00
  -4.1899924e+00
  -3.2879679e+00
   4.5820459e-01
   2.2377781e+00
   4.1341848e-02
  -2.5874713e+00
  -2.3979958e+00
  -1.1126491e+00
   6.0015957e-01
   3.5708981e+00
   4.5818835e+00
   1.7813412e+00
  -1.3098909e+00
  -2.0719922e+00
  -2.7139484e-01
   3.6989106e+00
   5.6804236e+00
   3.4182733e+00
  -5.9871121e-01
  -2.9762296e+00
  -3.3283770e+00
  -1.5589864e+00
   7.2958865e-01
   9.4434352e-01
  -1.5847589e+00
  -3.2938233e+00
  -1.3958061e+00
   1.8391619e+00
   1.3381486e+00
  -9.9148050e-01
  -9.5911101e-01
   2.9592023e-01
  -8.9342444e-01
  -1.9600362e+00
  -2.1267839e-01
   2.0284650e+00
   2.5828007e+00
   2.8186252e+00
   3.4230691e+00
   2.4538793e+00
   4.8878212e-01
  -9.6947768e-01
  -2.0871754e+00
  -2.1809589e+00
  -5.4296167e-01
  -7.1818896e-02
  -1.5583371e+00
  -2.0011383e+00
  -1.5115012e+00
  -2.6171072e+00
  -4.6370508e+00
  -4.5622239e+00
  -2.4409959e+00
  -1.1948847e-01
   1.1393858e+00
   1.1198582e+00
   1.6266337e+00
   3.7519796e+00
   4.6498460e+00
   1.3370700e+00
  -2.3988386e+00
  -1.5107859e+00
   2.9669123e+00
   3.6830902e+00
  -1.5415952e+00
  -5.6263302e+00
  -3.6591178e+00
   1.3421890e+00
   3.3229256e+00
   2.0554235e+00
   6.6253691e-01
   5.5846033e-01
   2.0623797e+00
   3.4391039e+00
   1.7074798e+00
  -9.4978157e-01
  -8.1376082e-01
   1.6952697e+00
   3.7061525e+00
   3.7486211e+00
   7.5095241e-01
  -1.8409514e+00
   1.1731347e-01
   2.9148283e+00
   1.2442557e+00
  -1.6927446e+00
  -1.0958885e+00
   1.6119639e+00
   1.8634174e+00
  -9.7081417e-01
  -3.9727313e+00
  -3.3048776e+00
  -7.1164496e-01
  -9.5494869e-01
  -5.8466582e+00
  -9.4811069e+00
  -6.4182184e+00
   5.0269307e-01
   3.3069528e+00
   3.0381539e-01
  -1.9970578e+00
   5.9164026e-01
   4.2434584e+00
   4.8768871e+00
   2.6323591e+00
  -5.9823258e-01
  -1.7181347e+00
  -5.4090329e-01
  -4.6508582e-01
  -1.9923783e+00
  -2.6034500e+00
  -1.3114675e+00
   1.0306099e+00
   2.8297133e+00
   2.3978751e+00
  -6.1460252e-02
  -1.0643789e+00
   1.4782923e+00
   3.3731015e+00
   9.6242691e-01
  -2.9008127e+00
  -3.4957409e+00
  -4.5105135e-01
   2.8213895e+00
   3.0024672e+00
  -5.7330689e-01
  -2.6743212e+00
  -7.0315931e-02
   3.1624953e+00
   2.4799419e+00
  -8.6521531e-02
  -2.6344674e-01
   2.0041367e+00
   3.5438763e+00
   1.9561591e+00
  -9.4462533e-02
   1.0736654e+00
   2.6822466e+00
  -3.9766023e-01
  -4.5959059e+00
  -4.7103175e+00
  -1.3635776e+00
   1.0344006e+00
  -1.4559763e-01
  -3.0794345e+00
  -3.9756121e+00
  -1.7563395e+00
   2.1643233e+00
   4.0522626e+00
   1.2910372e+00
  -3.3352464e+00
  -4.6136950e+00
  -2.1830562e+00
   7.5552927e-02
   1.5387961e+00
   2.6517642e+00
   3.6485946e+00
   3.8598518e+00
   3.7919577e+00
   2.4475818e+00
   3.9126104e-01
  -2.7213344e-02
   4.6324338e-01
   4.2925654e-01
  -1.3104261e+00
  -4.0122048e+00
  -3.9788652e+00
  -1.4368377e+00
  -3.5181680e-01
  -1.1668069e+00
  -1.3972167e+00
  -1.2824398e-01
   1.1443053e+00
   1.5395338e+00
   1.2208550e+00
  -7.6144874e-01
  -2.9202709e+00
  -2.7893227e+00
  -1.7076664e+00
  -2.1600662e+00
  -3.6537460e+00
  -3.1549409e+00
  -7.1147490e-01
   1.0776207e-01
  -1.6411097e+00
  -3.0479399e+00
  -1.3871103e+00
   2.1231642e+00
   4.3869700e+00
   2.9022032e+00
  -5.1344040e-01
  -2.1945751e-01
   3.4033156e+00
   4.9308548e+00
   4.0017034e+00
   3.1906895e+00
   3.3057509e+00
   4.6598870e+00
   5.7608399e+00
   3.9774327e+00
   9.9303250e-01
   1.1355648e-02
   2.6817192e+00
   5.1671894e+00
   1.9603965e+00
  -3.6473530e+00
  -5.3513258e+00
  -2.2265972e+00
   1.7220218e+00
   2.3259499e+00
  -6.0712047e-01
  -3.8605249e+00
  -4.8687179e+00
  -4.5388819e+00
  -4.6740137e+00
  -5.9243484e+00
  -6.0712329e+00
  -4.3681898e+00
  -3.8732532e+00
  -5.5637932e+00
  -5.4947259e+00
  -1.9039622e+00
   9.5719306e-01
   2.1650688e-02
  -2.4211319e+00
  -3.7515864e+00
  -2.4639402e+00
   1.5859829e+00
   4.5470171e+00
   3.3849008e+00
   2.5845034e-01
   4.9276767e-02
   3.7289042e+00
   6.5509524e+00
   4.1867760e+00
  -1.2703472e-01
   3.2752035e-02
   3.2658493e+00
   4.3649718e+00
   2.7497230e+00
   6.9850429e-01
   2.6268161e-01
   2.1437663e+00
   3.1942718e+00
   1.4190326e+00
   4.3282173e-01
   1.2023715e+00
   3.2331731e+00
   6.1637199e+00
   6.5643594e+00
   3.0664718e+00
   2.1827986e+00
   5.5556599e+00
   5.2127047e+00
  -6.4746416e-01
  -4.2872001e+00
  -2.2518781e+00
   1.2840242e+00
   1.7755461e+00
  -5.8149817e-01
  -1.6622297e+00
  -7.7397733e-01
  -7.8239581e-01
  -1.8414602e+00
  -2.8034093e+00
  -3.9103082e+00
  -5.2892474e+00
  -6.2816535e+00
  -5.6825121e+00
  -4.3792078e+00
  -4.8186477e+00
  -5.7106412e+00
  -4.0744613e+00
  -1.6019859e+00
  -1.8156064e+00
  -1.9505638e+00
   6.2387243e-01
   3.0030127e+00
   1.7377515e+00
  -1.7423965e+00
  -3.2448914e+00
   3.5305642e-01
   6.0373910e+00
   6.5977069e+00
   4.6595457e-01
  -4.9776055e+00
  -4.2471294e+00
  -1.3203325e+00
  -4.0345413e-01
  -4.3854813e-02
   3.1764549e-01
  -1.5512711e+00
  -3.2069718e+00
  -2.1515153e+00
  -4.2378945e-01
  -1.0274157e+00
  -1.4305711e+00
   1.9387809e+00
   6.0311214e+00
   5.2714009e+00
   1.4170325e+00
   9.0596109e-01
   4.6934866e+00
   7.7652940e+00
   6.5375352e+00
   2.5430479e+00
   3.4415463e-01
   1.1880058e+00
   1.6200902e+00
  -1.0418703e+00
  -4.3980218e+00
  -3.9349876e+00
  -8.8859532e-01
  -8.2648772e-01
  -4.7887831e+00
  -7.9175804e+00
  -6.0716632e+00
  -1.1174714e+00
   1.9141282e+00
   1.7718628e+00
   1.3750291e+00
   2.7445547e+00
   3.5847789e+00
   1.6221207e+00
  -1.5521507e+00
  -2.1327153e+00
   5.5392537e-01
   3.1446820e+00
   3.3960423e+00
   2.4186118e+00
   2.6001427e+00
   2.7630383e+00
   2.5148614e+00
   1.5884171e+00
   1.1270861e+00
   2.0176903e+00
   1.9149503e+00
  -1.2656480e-01
  -1.8159449e+00
  -3.0430456e+00
  -3.8563669e+00
  -2.8476136e+00
  -8.6494079e-01
  -2.0280988e-01
  -1.3177286e+00
  -1.7462444e+00
   7.2102564e-01
   3.8874165e+00
   3.8309062e+00
   1.3805496e+00
   3.7833702e-01
   1.1630915e+00
   2.6770119e+00
   3.5979825e+00
   2.3157786e+00
  -1.6321553e+00
  -5.0933539e+00
  -4.2702408e+00
  -6.7370139e-01
   2.6247512e-01
  -2.1020150e+00
  -5.0365911e+00
  -6.7728786e+00
  -7.8011745e+00
  -6.7306278e+00
  -4.0184024e+00
  -1.8517120e+00
  -1.1563158e-01
   2.1313029e+00
   2.1505522e+00
  -2.1072232e+00
  -4.7514077e+00
  -2.5650217e+00
   1.4570711e-01
   7.0576362e-01
   2.2613794e+00
   3.9470703e+00
   2.1382280e+00
  -9.2213710e-01
   1.1096916e+00
   6.2581627e+00
   6.5613797e+00
   3.0396231e+00
   2.7788359e+00
   3.8423236e+00
   1.4463998e+00
  -3.1957514e-01
   1.6275617e-01
  -6.3872450e-01
  -1.1737389e+00
   4.8655281e-01
   1.4247814e+00
   1.7630125e+00
   2.5426473e+00
   1.2177984e+00
  -2.3358384e+00
  -2.2075688e+00
   2.0891356e+00
   3.1146148e+00
  -1.0153539e+00
  -4.4218886e+00
  -3.5663528e+00
  -6.6404605e-01
   1.1716259e+00
  -1.6494485e-01
  -3.3258789e+00
  -4.1060276e+00
  -1.1188422e+00
   2.9105001e+00
   3.5964548e+00
   3.9575188e-01
  -3.2980010e+00
  -4.1111228e+00
  -1.0075992e+00
   3.6608432e+00
   4.0640749e+00
   3.6349667e-01
  -1.0033398e+00
   1.4113322e-01
  -6.5264231e-01
  -2.0724969e+00
  -1.2180710e+00
   7.3068004e-01
   2.4058221e+00
   2.4636349e+00
   1.7908773e-01
  -1.4909211e+00
   7.7240282e-01
   5.4578518e+00
   6.0991336e+00
   4.8892797e-01
  -4.8764985e+00
  -4.9643007e+00
  -1.6540822e+00
   2.2170775e+00
   2.9131009e+00
  -9.7853898e-01
  -4.4817338e+00
  -3.3106010e+00
  -8.3441190e-01
  -1.5769485e+00
  -3.5082140e+00
  -2.8998120e+00
  -8.7373117e-01
   1.4790723e+00
   2.1086099e+00
  -7.2214367e-01
  -2.3806839e+00
   2.2037455e-01
   2.3769510e+00
   1.7508065e+00
   5.7994921e-01
  -4.1294349e-01
  -1.8524226e+00
  -2.1406894e+00
  -1.0729186e+00
  -2.1142279e-02
   1.1816180e+00
   3.4749615e+00
   5.1055340e+00
   2.8258071e+00
  -4.3656089e-01
   8.3499595e-01
   5.1581387e+00
   6.8550536e+00
   4.3291360e+00
   1.6983664e+00
   8.7482055e-01
  -5.9050479e-01
  -1.2906943e+00
   5.6269700e-01
   2.2282263e+00
   2.1898531e+00
   3.1429016e-01
  -3.4129808e+00
  -6.2662586e+00
  -4.8460879e+00
  -7.9188250e-01
   2.0900948e+00
   1.0025547e+00
  -2.7394731e+00
  -3.4327835e+00
   1.0541551e-01
   1.4107227e+00
  -2.4430416e+00
  -6.2162601e+00
  -5.2877553e+00
  -1.7231825e+00
   5.7110403e-01
   8.0515479e-01
   6.1900772e-01
   4.5114127e-01
  -5.0338829e-01
  -1.3917875e+00
  -2.2393631e+00
  -3.1838087e+00
  -2.8802048e+00
  -1.2293568e+00
  -4.2077902e-01
  -1.9128494e+00
  -3.4313469e+00
  -1.5502271e+00
   3.0860044e+00
   5.6454432e+00
   2.9576289e+00
  -3.1890569e+00
  -5.7880471e+00
  -2.9973740e-02
   8.6668569e+00
   9.4795028e+00
   1.7868234e+00
  -4.9729096e+00
  -3.2772459e+00
   2.8375631e+00
   5.4018852e+00
   3.1294069e+00
   4.0173913e-01
  -4.9981867e-01
   5.1830527e-01
   2.0012009e+00
   2.6659854e+00
   2.4777491e+00
   5.3963171e-01
  -1.8491863e+00
  -3.3050202e+00
  -3.2727144e+00
  -2.5904705e+00
  -1.7089278e+00
  -1.2350495e+00
  -1.3258703e+00
  -1.2752530e+00
  -4.0278444e-01
   1.3833813e+00
   2.2595856e+00
   7.3347162e-01
  -1.4094087e+00
  -1.1965862e+00
   7.1325984e-01
   1.0781624e+00
   1.9321130e-01
   1.3296150e+00
   2.8624713e+00
   5.9092053e-01
  -2.9793281e+00
  -3.1153328e+00
  -1.6748724e+00
  -2.5721143e+00
  -1.9546786e+00
   3.0146531e+00
   6.7151598e+00
   4.3926838e+00
  -3.9380671e-01
  -8.8440850e-01
   2.5515602e+00
   4.5722653e+00
   3.1725356e+00
   1.6960575e-03
  -1.1123137e+00
   4.5072442e-01
   3.7923369e-01
  -1.4007238e+00
  -7.6081288e-01
   1.7428976e+00
   1.9078371e+00
   8.5278877e-01
   1.1099188e+00
   1.3014117e+00
  -1.6165526e-01
  -9.1631437e-01
  -1.3387963e-01
  -1.0626273e-01
  -2.4518094e+00
  -3.3491482e+00
  -1.4771365e+00
  -9.4117560e-02
  -2.0540014e+00
  -5.2259897e+00
  -6.8724212e+00
  -6.1919153e+00
  -3.6644041e+00
  -2.7739162e+00
  -4.8722372e+00
  -5.1780527e+00
  -8.6572933e-01
   2.6741769e+00
   2.2374219e+00
   1.3682850e+00
   3.6363857e+00
   4.3870981e+00
   8.1372257e-01
  -2.9325401e+00
  -2.4140251e+00
   7.5468673e-01
   1.8623746e+00
   1.6817638e+00
   1.8411806e+00
   8.8817746e-01
  -9.9304433e-03
   1.1912802e+00
   1.9370314e+00
  -2.9237624e-01
  -1.8551161e+00
   5.8246063e-01
   4.8758145e+00
   5.3473262e+00
   1.4613568e+00
  -2.7550915e-01
   4.1159077e+00
   8.2258826e+00
   5.2503269e+00
   7.1970809e-01
  -2.2527731e-01
  -3.2955324e-01
   5.7460704e-01
   2.6806165e+00
   8.4765207e-01
  -4.1887021e+00
  -6.2392596e+00
  -3.6446464e+00
  -9.8267883e-01
  -1.3852728e+00
  -3.5432255e+00
  -3.8332609e+00
  -4.1901404e-01
   3.9945528e+00
   3.5377989e+00
  -1.2186766e-01
  -5.7555273e-01
   1.8413447e+00
   1.7058866e+00
  -1.1712564e+00
  -3.2251552e+00
  -1.9652282e+00
   8.2870755e-01
   1.5038818e+00
  -1.2859391e+00
  -4.1570711e+00
  -3.3675789e+00
   4.2432848e-01
   3.8863648e+00
   3.8779075e+00
   2.4250447e-01
  -1.9208090e+00
   1.2674929e+00
   4.6018743e+00
   2.8380739e+00
  -5.1789192e-01
  -3.9134428e-01
   1.6616978e+00
   4.4747418e-01
  -3.7718687e+00
  -6.2603603e+00
  -5.1745832e+00
  -2.5787992e+00
   1.9299637e-01
   2.3277963e+00
   1.9405354e+00
  -1.1476620e+00
  -2.9497897e+00
  -2.0238529e+00
  -2.1125067e-01
  -1.0595906e+00
  -2.7496415e+00
  -8.7542684e-02
   3.9458851e+00
   3.2470424e+00
  -1.6365702e+00
  -2.5116743e+00
   2.6829586e+00
   5.4262283e+00
   1.1900605e+00
  -4.2316939e+00
  -5.9098549e+00
  -5.8827080e+00
  -4.8908570e+00
  -1.2542016e+00
   3.2270808e+00
   3.3215512e+00
  -7.1907902e-01
  -1.8522659e+00
   1.7805447e+00
   5.4589860e+00
   5.6619259e+00
   4.3074305e+00
   2.8025784e+00
   9.9596229e-01
  -6.4921098e-01
  -1.1361684e+00
   6.0347003e-01
   2.6049038e+00
   1.1023023e+00
  -1.8235309e+00
  -6.2919540e-01
   2.6621372e+00
   2.8542723e+00
   9.2077050e-01
   1.9654421e-01
   1.1054054e+00
   3.1592964e+00
   4.8856406e+00
   3.7025865e+00
   6.9774244e-01
  -7.9788072e-01
  -7.2694953e-01
  -3.2212593e-01
  -1.3697778e+00
  -3.6148847e+00
  -3.8113978e+00
  -3.8713424e-01
   3.1198898e+00
   3.2237333e+00
   1.5390646e+00
  -3.6144540e-01
  -1.9291033e+00
  -1.0732932e+00
   3.2889208e-01
  -9.4763491e-01
  -2.0549131e+00
  -4.5602641e-01
   4.9078906e-01
  -1.3476626e+00
  -4.2943536e+00
  -5.9431425e+00
  -3.7747843e+00
   1.5009638e+00
   4.6721989e+00
   2.8760885e+00
  -7.2807731e-01
  -1.9020491e+00
  -1.5855755e+00
  -1.1034426e+00
  -2.2779873e-01
  -3.0198263e-01
  -2.7205966e+00
  -3.7942881e+00
  -1.9951028e+00
  -7.0999288e-01
  -1.9148804e+00
  -3.5920633e+00
  -4.0384560e+00
  -3.5025318e+00
  -1.1856314e+00
   1.4731232e+00
   1.3094822e+00
  -1.9480295e+00
  -3.6188483e+00
  -1.4961223e+00
   2.1056537e+00
   4.4721755e+00
   4.8387105e+00
   7.3273067e-01
  -5.8640414e+00
  -5.4531540e+00
   1.8339459e+00
   5.2022201e+00
   2.3348099e+00
  -2.0484830e-01
  -2.9490254e-01
   9.1206778e-01
   2.4467735e+00
   3.2958519e+00
   1.0640037e+00
  -1.8565404e+00
   6.9587671e-02
   5.2970280e+00
   5.5082217e+00
   1.5758131e+00
   6.5033268e-01
   2.1480446e+00
   2.0310751e+00
   1.6746800e+00
   2.2677030e+00
   2.4968175e+00
   1.7771285e+00
   8.3820014e-01
   6.0181819e-01
   1.4529654e+00
   3.3379057e+00
   4.6139152e+00
   2.7588335e+00
  -1.0507899e+00
  -2.3613486e+00
  -2.3972038e+00
  -3.5361176e+00
  -3.6129159e+00
  -1.3741105e+00
   1.1222159e+00
   2.2269730e+00
   1.3258790e+00
  -2.0257630e+00
  -6.1856005e+00
  -7.5121551e+00
  -4.3388400e+00
  -2.7558853e-01
  -3.3904259e-01
  -4.0523112e+00
  -5.4843668e+00
  -3.2708267e+00
  -3.9636582e-01
  -2.8682726e-01
  -1.9840864e+00
  -3.7067322e+00
  -3.6067685e+00
  -3.5790885e-01
   5.2600356e+00
   7.5311873e+00
   3.9111436e+00
   2.5608217e+00
   5.2178092e+00
   4.2663222e+00
   3.8589393e-01
   2.9002174e-01
   3.4962800e+00
   3.7273971e+00
   1.3905288e+00
   1.0850530e+00
   3.3805800e+00
   3.2145669e+00
  -2.5230768e-02
  -7.5397922e-01
  -1.0529797e-01
  -2.4208476e+00
  -4.5441896e+00
  -3.0993002e+00
  -1.2182819e+00
  -2.3463651e+00
  -4.1038397e+00
  -4.0935041e+00
  -2.3873665e+00
   3.3695003e-01
   2.2951552e+00
   2.0707166e+00
   1.4321439e+00
  -4.0680507e-01
  -3.2890537e+00
  -3.1635150e+00
   4.2552833e-01
   1.8982241e+00
   1.9396681e-01
  -2.0699807e+00
  -3.7786310e+00
  -4.3784470e+00
  -3.2679274e+00
  -1.7355638e+00
   4.3482912e-02
   1.7798043e+00
   2.7577036e+00
   2.8178187e+00
   1.8020469e+00
   9.1658480e-01
   1.4053563e+00
   1.3982883e+00
   1.2890823e+00
   2.7898390e+00
   3.9570902e+00
   2.6715397e+00
   1.7046734e-01
  -1.3369083e+00
  -2.9703390e-01
   3.0733464e+00
   5.5761457e+00
   4.4486474e+00
   8.1048050e-01
  -2.3248186e+00
  -4.2065602e+00
  -3.6205728e+00
  -1.7587531e+00
  -4.4708195e-01
   2.7850299e-02
  -1.5269915e+00
  -4.4501464e+00
  -5.8676261e+00
  -4.3763933e+00
  -1.1034450e+00
   1.9719934e+00
   2.3023287e+00
  -2.9438915e-01
  -1.4087591e+00
   1.5371675e+00
   3.7928163e+00
   2.3148427e+00
  -4.5618470e-01
  -1.3889462e+00
   1.0545809e-01
   1.6704245e+00
   3.2611690e-02
  -3.4229400e+00
  -4.3233956e+00
  -2.1516062e+00
   7.5716039e-01
   3.2255230e+00
   3.0907445e+00
   5.8622611e-01
  -1.1545850e+00
   9.0656365e-01
   4.0560906e+00
   4.1241889e+00
   2.2702428e+00
   1.5606869e+00
   9.7748205e-01
  -1.2173276e+00
  -2.5207558e+00
  -6.2585618e-01
   3.3358586e+00
   4.3831348e+00
   6.4601644e-01
  -3.3816708e+00
  -3.9125092e+00
  -1.1157764e+00
   1.8174143e+00
   1.9920579e+00
  -2.3953626e-01
  -2.3607215e+00
  -1.8514052e+00
   1.5325394e+00
   3.4669954e+00
   2.1236341e-01
  -2.8299507e+00
  -9.2460491e-01
   1.7956460e+00
   2.7438691e-01
  -8.9985438e-01
   1.5370635e+00
   2.6892555e+00
   1.1787016e+00
   2.6030026e-01
   1.2518461e-02
  -1.6206008e+00
  -2.6710517e+00
  -1.8061096e+00
  -2.7739639e+00
  -5.7155993e+00
  -5.4364763e+00
  -2.0833995e-01
   3.5149385e+00
   2.5049781e+00
   1.0055294e+00
   1.2976604e+00
   1.6969450e+00
   1.0386192e+00
  -6.2982495e-01
  -2.4837388e+00
  -1.4933036e+00
   3.7947983e+00
   7.6834954e+00
   4.8822597e+00
   3.5895459e-02
  -7.2025229e-01
   1.3194499e+00
   3.0355824e+00
   2.6510382e+00
   2.3064267e-01
  -2.0721535e+00
  -2.0514484e+00
  -1.2690297e-01
   4.7617807e-01
  -1.3188903e+00
  -2.0122633e+00
  -3.3778108e-01
   1.0414141e+00
   2.9613091e-01
  -1.3587266e+00
  -1.3288580e+00
   8.0259975e-01
   9.5799695e-01
  -2.9606427e+00
  -6.5763087e+00
  -6.0255861e+00
  -3.3849662e+00
  -1.7641286e+00
  -2.3212202e+00
  -3.7158731e+00
  -3.4214035e+00
  -9.6722621e-01
   1.2432000e+00
   1.6804423e+00
   1.9212202e+00
   2.9719700e+00
   2.6452618e+00
  -1.0161383e-01
  -2.1780061e+00
  -9.9894300e-01
   3.5388788e-01
  -2.5796439e-01
  -1.0208322e+00
  -1.5644099e+00
  -1.7904405e+00
  -2.0983489e-01
   3.1250030e+00
   4.7993098e+00
   1.4593819e+00
  -2.9652823e+00
  -1.2626769e+00
   4.2484838e+00
   5.7279252e+00
   2.8427755e+00
   1.4199765e+00
   2.7242938e+00
   3.4910307e+00
   2.7973195e+00
   1.8817206e+00
   1.6096875e+00
   2.4171629e+00
   2.8612557e+00
   1.8202410e+00
   4.6076313e-01
  -1.2188048e+00
  -3.6987793e+00
  -4.7284376e+00
  -3.2140738e+00
  -1.4938556e+00
  -1.5597132e+00
  -1.6931530e+00
  -4.4118682e-01
  -7.5759109e-01
  -2.8706077e+00
  -3.7885084e+00
  -2.1509577e+00
   4.1103781e-01
   9.1237300e-01
  -5.7596423e-01
   3.0351888e-01
   3.5669350e+00
   5.0574904e+00
   3.1557552e+00
  -3.9374022e-02
  -5.0238384e-01
   1.8295008e+00
   1.9997167e+00
  -9.2639196e-01
  -2.9438075e+00
  -1.8034825e+00
   5.8471258e-01
   1.6787101e+00
   7.2161649e-01
  -7.4781408e-01
  -3.1869094e+00
  -4.4756521e+00
  -2.2944436e+00
   1.1852633e+00
   2.6914799e+00
   1.6381595e-01
  -4.0148385e+00
  -4.8780659e+00
  -1.6080750e+00
   1.2689840e+00
   9.1675751e-01
  -7.6408988e-01
  -1.1484733e+00
   5.9317172e-01
   2.8690397e+00
   1.7507234e+00
  -6.0289571e-01
  -1.0671842e+00
  -8.8917270e-01
  -1.6144393e+00
  -1.1367010e+00
   1.2371850e+00
   3.6499307e+00
   3.1381794e+00
  -6.1710530e-01
  -3.9795903e+00
  -3.6325212e+00
  -3.9961192e-01
   2.6520997e+00
   3.0643665e+00
   3.2785966e-01
  -2.3709045e+00
  -1.8396323e+00
   1.6243449e+00
   3.3101104e+00
   1.2195573e+00
  -2.1438669e-01
   1.4808747e+00
   3.0753002e+00
   2.8986668e+00
   2.0774338e+00
   7.8344508e-01
   1.3228815e-01
   1.9179523e-01
  -5.5935129e-01
  -4.5761934e-01
   2.4940894e+00
   4.8274525e+00
   3.5423491e+00
   8.6627403e-01
  -1.0098531e+00
  -1.1520677e+00
   4.9651569e-01
   1.8881035e+00
   1.0647109e+00
  -1.2585932e+00
  -2.9128864e+00
  -2.2141484e+00
  -8.0906813e-01
  -5.8101184e-01
  -8.5098754e-01
  -1.4935580e+00
  -2.7311291e+00
  -3.3372927e+00
  -2.4899321e+00
  -1.7414870e+00
  -1.9033787e+00
  -1.4332329e+00
  -9.8313126e-01
  -3.2315273e+00
  -5.8120414e+00
  -4.9999220e+00
  -4.6904744e-01
   3.1877251e+00
   2.1099427e+00
  -2.3781986e+00
  -4.3970712e+00
  -1.2261377e+00
   4.3077086e+00
   7.4433152e+00
   5.5789317e+00
   1.8149083e+00
   1.4935885e+00
   2.9516532e+00
   4.3585938e-01
  -4.2555682e+00
  -4.8417408e+00
  -2.9342853e+00
  -2.8170151e+00
  -2.5699109e+00
  -5.1129084e-01
   1.5637737e+00
   2.9225425e+00
   1.9100743e+00
   8.4448553e-02
   5.6142659e-01
   2.0883877e+00
   2.8467549e+00
   3.2856681e+00
   2.3275407e+00
  -4.2297186e-01
  -2.3394745e+00
  -7.1965553e-01
   3.0781166e+00
   4.5029764e+00
   1.3325888e+00
  -1.2707635e+00
   7.3887871e-01
   3.4500251e+00
   2.0060466e+00
  -1.8106033e+00
  -3.2445008e+00
  -7.3201976e-01
   1.8301244e+00
   5.7839283e-01
  -2.3444585e+00
  -1.7338928e+00
   3.9173156e-01
  -9.3464604e-01
  -4.2712633e+00
  -5.7251649e+00
  -4.3198944e+00
  -1.8728859e+00
  -1.2218719e-01
  -5.0919315e-01
  -1.9095603e+00
  -2.0935237e+00
  -1.3596381e+00
  -1.1512388e+00
   7.7448425e-01
   5.3683140e+00
   7.8846401e+00
   6.1123337e+00
   2.3442968e+00
  -7.6259388e-01
  -1.7404184e+00
  -6.5406284e-01
   9.7211992e-01
   1.5651336e+00
   1.0010357e+00
  -7.1994954e-01
  -1.7309374e+00
   5.6994528e-01
   3.2406413e+00
   2.0200766e+00
  -5.9099927e-01
  -5.8083059e-01
  -2.4384749e-01
  -8.9234591e-01
  -7.0897879e-01
  -9.2393406e-01
  -1.9731307e+00
  -1.6313057e+00
   1.2558178e-01
   1.1718829e+00
   4.8771559e-01
  -1.0257732e+00
  -3.1785126e+00
  -4.4934764e+00
  -3.0034805e+00
   3.2246447e-01
   3.6526664e+00
   4.9497547e+00
   3.5205882e+00
   1.6447535e+00
   4.6007557e-01
  -2.2866694e-01
   4.6790672e-01
   2.2991759e+00
   3.1031679e+00
   1.5704801e+00
  -3.5713420e-01
  -1.1278025e-01
   1.0057268e+00
  -4.8915538e-01
  -2.9704921e+00
  -1.4213379e+00
   1.8347900e+00
   2.3052432e+00
   1.8052434e+00
   1.3868195e+00
  -7.6530822e-01
  -2.9785905e+00
  -2.3313057e+00
  -4.4570525e-03
  -3.3712334e-01
  -3.6355239e+00
  -5.0344798e+00
  -2.1179219e+00
   5.0519240e-01
  -1.3622922e+00
  -4.1514092e+00
  -3.2749010e+00
  -1.2604420e+00
  -1.2560303e+00
  -8.5864343e-01
  -2.0358164e-01
  -4.3530874e-01
  -3.7701269e-01
   2.4413005e-01
  -1.9485179e-02
  -1.1450491e+00
  -8.7935636e-01
   1.5878930e+00
   4.4110111e+00
   4.2997612e+00
   8.4222294e-01
  -2.3116643e+00
  -2.3085146e+00
  -9.5892811e-01
  -1.0732584e+00
  -5.4556503e-01
   1.7884587e+00
   3.0745673e+00
   1.0191429e-01
  -3.9770857e+00
  -3.0899235e+00
   1.4224012e+00
   3.9757990e+00
   2.1624096e+00
  -9.1404362e-01
  -1.6044849e+00
   1.2513383e+00
   3.7432688e+00
   2.1246213e+00
  -6.7714132e-01
  -5.3907074e-01
   1.2126620e+00
  -2.5112394e-02
  -2.0852987e+00
  -6.9958690e-01
   1.9472175e+00
   2.9813922e+00
   2.9446652e+00
   1.9895328e+00
  -1.5037471e-01
  -1.0171315e+00
   1.1191804e+00
   3.0051149e+00
  -5.2276620e-02
  -5.0561530e+00
  -5.0474603e+00
  -3.0448368e-02
   2.9021062e+00
  -4.9466378e-02
  -2.7538503e+00
   1.9536547e-01
   5.8899575e+00
   7.2037350e+00
   2.7410381e+00
  -1.9617973e+00
  -2.2695375e+00
   1.1814831e+00
   3.8212300e+00
   3.1044043e+00
   2.8962627e-01
  -6.0848329e-01
   3.7365840e-01
  -7.2744187e-02
  -2.3293693e+00
  -2.4495459e+00
   1.7636441e-01
   2.1617849e+00
   2.9844493e-01
  -3.5420660e+00
  -4.8512624e+00
  -2.2330666e+00
   9.2256206e-01
   2.5731489e-01
  -2.7284400e+00
  -2.8318991e+00
  -2.0507619e-01
   8.2657998e-01
  -1.9118980e+00
  -4.9207923e+00
  -4.5782333e+00
  -2.6629919e+00
  -1.7528896e+00
  -2.1055472e-01
   1.0855761e+00
   4.4894318e-01
   7.3180595e-01
   2.8048069e+00
   3.4614114e+00
   2.0231097e+00
   1.4785164e+00
   1.7082567e+00
   1.4582607e+00
   1.9582964e+00
   7.0995125e-01
  -2.9291009e+00
  -4.5912789e+00
  -1.7796414e+00
   1.5370045e+00
   1.5088596e+00
   3.4880880e-03
  -6.0112804e-01
   2.1311692e-01
   4.3791102e-01
  -5.4560748e-02
   1.0134222e-01
   5.0161957e-01
  -2.5051929e-01
  -1.8051675e+00
  -1.4333878e+00
   1.1766098e+00
   2.0937630e+00
   6.1542558e-01
   7.7437309e-01
   1.5835500e+00
   9.0793604e-01
   1.2105994e+00
   1.6065123e+00
   4.8004086e-01
  -1.0305865e+00
  -1.1817188e+00
   1.6939291e-01
   1.6774835e+00
   1.3954482e+00
   6.7559060e-01
   5.5861716e-01
  -1.0429295e+00
  -2.5331501e+00
  -1.0371027e+00
   1.2548216e+00
   7.0944636e-01
   1.5898211e-01
   1.8589687e+00
   2.6735892e+00
   5.4211732e-01
  -1.6416720e+00
  -2.3743898e+00
  -9.1406395e-01
   1.4492682e+00
   1.9848753e+00
   3.0482183e-01
  -1.1737758e+00
  -5.1413228e-01
  -2.0874791e-02
  -1.0317979e+00
  -1.1746619e+00
  -1.7858015e-01
  -1.4646203e+00
  -3.2859854e+00
  -1.5563967e+00
   4.5930558e-01
  -2.4828734e+00
  -7.4868965e+00
  -6.7799722e+00
  -1.1550962e-01
   3.9920294e+00
   1.8687283e+00
  -1.1159084e+00
   7.1694890e-02
   4.0153458e+00
   5.4250880e+00
   3.5224143e+00
   3.4032200e-01
  -7.3693253e-01
   9.6841019e-01
   3.2457672e+00
   5.0539843e+00
   5.9668238e+00
   4.2352357e+00
   1.6188653e+00
   1.3525715e+00
   1.6302106e+00
  -1.1441444e-01
  -1.9122722e+00
  -1.4776645e+00
  -6.1402903e-01
  -1.3413110e+00
  -2.4843594e+00
  -2.8579927e+00
  -3.0912252e+00
  -3.7750966e+00
  -4.6346489e+00
  -4.6328434e+00
  -3.0378054e+00
   2.6590978e-01
   3.0370976e+00
   4.2238755e-01
  -4.8324859e+00
  -5.2110168e+00
  -1.9654362e+00
  -8.2718212e-01
  -1.2167636e+00
  -5.4928268e-01
   7.5553759e-01
   1.3741496e+00
   3.7239071e-01
  -1.2960218e+00
  -1.8344413e+00
   4.7324173e-01
   4.1311976e+00
   6.1251300e+00
   4.4630718e+00
   2.2360467e+00
   2.4688526e+00
   3.2335810e+00
   2.6276797e+00
   2.0603385e+00
   1.3964054e+00
  -2.3313770e-01
  -2.4935563e-01
   2.0233671e+00
   2.9026165e+00
   9.8575301e-01
   1.9920042e-01
   1.9830944e+00
   3.7326591e+00
   3.1157995e+00
   6.6050650e-02
  -2.1238673e+00
  -1.5713162e+00
  -5.1802507e-01
   3.1390556e-01
   1.2868527e+00
  -1.1409626e+00
  -5.3544100e+00
  -5.4329461e+00
  -1.4611040e+00
   4.1594246e-01
  -3.3002012e-01
  -6.3266684e-01
  -1.4588136e+00
  -3.5602386e+00
  -4.3296215e+00
  -1.9644392e+00
  -7.5722168e-03
  -1.2866359e+00
  -3.5734058e+00
  -4.6946670e+00
  -3.2956507e+00
  -1.8087366e-01
  -3.0131589e-01
  -4.1364297e+00
  -4.8104856e+00
  -5.6506630e-02
   3.6043751e+00
   2.4443213e+00
  -4.8875384e-01
  -8.2403735e-01
   1.5637699e+00
   1.8752312e+00
  -5.2850141e-01
  -1.1870662e+00
   1.8113842e+00
   4.8147364e+00
   5.9005912e+00
   4.3315776e+00
   7.1219451e-01
  -1.1827003e+00
   9.6004214e-01
   5.1081899e+00
   5.3510309e+00
   2.7393057e-01
  -4.1235538e+00
  -2.6861756e+00
   2.2267072e+00
   5.4834619e+00
   4.6448334e+00
   2.1105158e+00
   6.3537569e-01
   1.3642528e+00
   2.0942746e+00
   1.7940151e+00
   9.5951297e-01
  -2.6053142e-01
  -3.2650932e-01
  -9.1487769e-01
  -4.1377561e+00
  -5.1883034e+00
  -2.2907368e+00
  -1.3651177e+00
  -3.5992899e+00
  -5.5466818e+00
  -4.9367161e+00
  -8.0268781e-01
   2.6067496e+00
  -5.5733965e-01
  -6.1798534e+00
  -6.6891376e+00
  -2.5635888e+00
   5.0905879e-01
   1.1741553e+00
   8.7362278e-01
   7.4096346e-01
   2.1426132e+00
   3.7359253e+00
   3.1186901e+00
   1.2410750e+00
  -2.3271547e-01
   2.0630689e-01
   3.1016348e+00
   4.5488239e+00
   1.6538398e+00
  -2.2595457e+00
  -2.6339674e+00
  -3.9871546e-01
   1.8825306e+00
   2.7342668e+00
   2.0326278e+00
   7.8646330e-01
   2.8465327e-01
   8.9394666e-02
  -1.5021283e+00
  -2.6023724e+00
  -1.7623656e+00
   5.9475239e-01
   3.2518830e+00
   4.3994531e+00
   2.7732818e+00
   6.4335232e-01
  -8.6767354e-01
  -2.8988588e+00
  -5.1700459e+00
  -6.3168875e+00
  -5.4228635e+00
  -9.0480616e-01
   2.3848242e+00
   2.7983797e-01
  -1.8052518e+00
   1.4146304e+00
   6.4375961e+00
   7.0520128e+00
   3.0554431e+00
  -1.5081797e+00
  -2.8664647e+00
   9.4290772e-01
   5.4598717e+00
   4.1056533e+00
  -9.8750978e-01
  -3.1607626e+00
  -1.7390096e+00
   1.0558360e+00
   1.6206196e+00
  -9.1188981e-02
   4.2046837e-01
   3.5902448e+00
   2.8429644e+00
  -2.9857217e+00
  -6.2924503e+00
  -3.7668460e+00
   4.2109908e-01
   1.6820387e+00
  -1.6465597e+00
  -6.2697921e+00
  -5.0064232e+00
   8.3864829e-01
   2.6929574e+00
  -1.4125221e+00
  -4.7538911e+00
  -4.5151153e+00
  -2.7529632e+00
  -1.3967129e+00
  -1.1537578e+00
  -1.2751582e+00
  -5.9780828e-01
   1.1310142e+00
   3.1712463e+00
   2.5961295e+00
  -8.3447071e-01
  -2.3734668e+00
   8.2653081e-01
   2.6259282e+00
   5.3784970e-01
  -6.5934376e-01
   1.1464652e+00
   3.9929727e+00
   5.5896957e+00
   3.5635201e+00
  -1.7137899e+00
  -3.7885522e+00
   8.8748597e-01
   5.5333911e+00
   2.6628944e+00
  -2.8229247e+00
  -2.0867525e+00
   3.4613670e+00
   6.1978765e+00
   4.9705764e+00
   1.7859944e+00
  -1.2006454e+00
  -2.2818286e+00
  -5.0327475e-01
   1.1578990e+00
  -6.1925967e-01
  -2.4493121e+00
   1.6217862e-01
   2.1122312e+00
  -8.6855782e-01
  -4.2234087e+00
  -2.2186306e+00
   3.0520408e+00
   5.0236934e+00
   1.4785595e+00
  -2.7036591e+00
  -2.5414861e+00
   4.1227085e-01
   2.4343935e+00
   1.7537543e+00
  -1.7717585e+00
  -3.4241677e+00
  -4.6982326e-01
   2.0376030e+00
  -3.8948882e-01
  -5.1669009e+00
  -8.2869156e+00
  -5.8691048e+00
   1.3146808e+00
   4.0580882e+00
  -1.0108171e+00
  -5.4763719e+00
  -4.9212346e+00
  -2.5636810e+00
  -1.1646717e+00
   6.8250037e-01
   2.3341416e+00
   1.1883217e+00
  -1.4004876e+00
  -3.2102937e+00
  -2.5069737e+00
   1.1717778e+00
   3.6606712e+00
   2.3407985e+00
  -2.6970310e-01
  -2.3823304e+00
  -1.9800501e+00
   2.5868830e+00
   5.6767743e+00
   3.4258122e+00
  -1.3203035e-01
  -5.1607485e-01
   1.6048361e+00
   3.3633368e+00
   3.5645267e+00
   2.8048144e+00
   1.0968607e+00
   4.7843331e-01
   1.6017882e+00
   1.7153105e+00
   3.7363723e-01
   5.4812980e-01
   1.6504078e+00
   1.8844220e+00
   2.1997318e+00
   2.4617949e+00
   1.1551860e+00
  -1.9783583e+00
  -2.8944576e+00
  -1.4342196e-01
   2.1825343e+00
   1.6883809e+00
   1.2853326e+00
   2.9450758e+00
   3.1942645e+00
   2.8918789e-01
  -1.4358623e+00
   4.1604333e-01
   1.4431985e+00
  -2.0610941e-01
  -2.4999031e+00
  -3.9925015e+00
  -3.4695503e+00
  -1.5866614e+00
  -1.7547638e+00
  -4.0146344e+00
  -4.5070971e+00
  -2.1577475e+00
  -6.6278048e-01
  -1.8032746e+00
  -4.6203008e+00
  -5.7319203e+00
  -1.9092426e+00
   4.0614747e+00
   4.6519757e+00
   6.2729668e-01
  -2.4866091e+00
  -1.4991304e+00
   2.1736013e+00
   4.5683751e+00
   1.8800921e+00
  -2.6783486e+00
  -3.1850729e+00
  -4.7763723e-01
   8.1100749e-01
  -7.3816750e-01
  -4.8325946e-01
   2.9978601e+00
   4.2766556e+00
   1.5382642e-01
  -4.1225937e+00
  -3.9920292e+00
  -2.2825307e+00
  -1.1095482e+00
  -1.0794415e+00
  -2.3938965e+00
  -2.5379177e+00
   7.9284141e-01
   4.6964507e+00
   4.2995607e+00
  -4.3827398e-01
  -2.2534402e+00
   2.1779253e+00
   7.2488355e+00
   6.9895773e+00
   2.1553859e+00
  -1.3512282e+00
  -1.9060842e-01
   3.0633280e+00
   3.5329420e+00
   1.8090926e-01
  -3.5132256e+00
  -2.7938494e+00
   2.6607782e+00
   5.6423800e+00
   2.2430108e+00
  -1.9884602e+00
  -6.2172222e-01
   2.7109196e+00
   3.2967608e+00
   1.0413512e+00
  -1.3393192e+00
  -1.7243902e+00
  -6.6708278e-01
  -2.1589851e+00
  -4.5525958e+00
  -4.5080023e+00
  -3.2416128e+00
  -3.0730829e+00
  -3.1487955e+00
  -3.2124705e+00
  -2.9091349e+00
  -1.0936103e+00
   1.1886115e+00
   1.3329631e+00
  -1.9868734e+00
  -4.8110448e+00
  -3.9154658e+00
   1.5556203e-02
   2.9961616e+00
   2.3749456e+00
  -1.7344254e+00
  -4.9133200e+00
  -2.3804092e+00
   2.7627227e+00
   3.6236971e+00
   8.7927156e-01
   1.2040402e+00
   5.3768580e+00
   6.8825801e+00
   3.4259050e+00
  -7.0490734e-01
  -3.6744107e-01
   3.6217161e+00
   5.5401261e+00
   1.3368847e+00
  -4.1633115e+00
  -2.5670848e+00
   2.5088089e+00
   1.3897647e+00
  -3.9264998e+00
  -4.7359348e+00
   4.0285236e-01
   6.1660031e+00
   6.0329683e+00
  -3.1278901e-01
  -5.1743874e+00
  -3.2809288e+00
   1.8700272e+00
   3.3949790e+00
   3.2697980e-01
  -4.2042408e+00
  -5.6238863e+00
  -1.8375009e+00
   4.1161529e+00
   6.1849571e+00
   3.2733905e+00
  -7.9132289e-01
  -2.8316010e+00
  -3.4555086e+00
  -3.7448887e+00
  -3.7607220e+00
  -2.6889812e+00
  -6.0841432e-01
   1.4296256e-01
  -1.2173976e+00
  -9.6795828e-01
   1.9212480e+00
   4.7867610e+00
   5.2054113e+00
   2.8516863e+00
  -1.3514813e+00
  -1.9545466e+00
   2.7684582e+00
   3.9988360e+00
  -1.4066496e+00
  -3.0719793e+00
   1.2737243e+00
   3.2285491e+00
   7.4591810e-01
  -1.7709286e+00
  -2.5636093e+00
  -2.5872615e+00
  -2.0390200e-01
   3.1147935e+00
   3.4599569e+00
   1.6174516e+00
   1.3220903e+00
   2.0058295e+00
   5.1970635e-01
  -2.3153498e+00
  -3.7381782e+00
  -2.1279751e+00
   1.8629917e-01
   9.0507692e-01
  -6.2109810e-01
  -2.2444067e+00
  -2.9156925e+00
  -3.4412176e+00
  -3.3087810e+00
  -2.4572141e+00
  -2.0555055e+00
  -1.8889283e+00
   5.1092248e-01
   3.2650471e+00
   1.4736264e+00
  -2.6754340e+00
  -2.7610759e+00
   5.4417179e-01
   1.8619033e+00
  -9.6670996e-01
  -3.8551562e+00
  -2.3464000e+00
   2.6508515e+00
   5.4013595e+00
   3.2440147e+00
   1.2045404e+00
   2.8050285e+00
   4.5193675e+00
   2.7146589e+00
  -1.2821024e+00
  -4.7719527e+00
  -4.1792278e+00
   8.2579931e-01
   4.0235035e+00
   4.6114681e-01
  -3.9418338e+00
  -2.2705065e+00
   1.9138708e+00
   3.7689758e+00
   3.0545432e+00
  -1.5353137e-01
  -2.2063714e+00
   8.5631560e-01
   5.1853330e+00
   3.2033053e+00
  -2.0023156e+00
  -2.7393128e+00
  -4.6195640e-01
  -7.7112716e-01
  -2.5169254e+00
  -3.5227634e+00
  -2.8556700e+00
   7.4335991e-01
   4.1259090e+00
   9.0371777e-01
  -4.9707492e+00
  -5.2549059e+00
  -7.2616457e-01
   2.0143291e+00
   1.8388484e+00
   1.4039652e+00
   1.0593762e+00
  -6.1567747e-02
  -1.0401576e+00
  -2.6121746e-01
   2.9758211e+00
   5.6632114e+00
   5.3660844e+00
   3.0589969e+00
  -5.2179930e-02
  -1.6951896e+00
   1.1752216e+00
   6.0870184e+00
   5.6369287e+00
  -1.9267708e+00
  -7.9997780e+00
  -6.3788072e+00
  -5.9512919e-01
   3.0306125e+00
   2.5241173e+00
  -7.8393560e-01
  -3.2030001e+00
  -1.4603957e+00
   7.0086042e-01
  -4.8942492e-01
  -3.2718367e+00
  -4.9050581e+00
  -3.9565699e+00
  -4.1886435e-01
   1.0638487e+00
  -2.3916970e+00
  -4.5089254e+00
  -8.6476478e-01
   2.6734380e+00
   2.3852424e+00
   8.2503413e-01
   3.7401004e-01
   1.0690452e+00
   2.0055491e+00
   4.1899956e-01
  -2.1758838e+00
  -2.2712499e+00
  -8.6150858e-01
   1.8474538e-01
   1.3974357e+00
   1.7633960e+00
   1.7838877e-01
  -6.3749065e-01
   2.2892117e-02
  -5.8040943e-01
  -2.0885913e+00
  -2.0184798e+00
  -8.3676746e-01
   2.3763975e-01
  -1.2569546e-01
  -1.6975764e+00
  -1.0031298e+00
   3.1302911e+00
   5.6625242e+00
   2.0844166e+00
  -3.0411215e+00
  -1.3795273e+00
   4.7347362e+00
   6.6927571e+00
   3.9806574e+00
   8.3976389e-01
  -1.1028834e+00
   1.4038061e-01
   3.4272186e+00
   4.1852949e+00
   1.2874767e+00
  -1.5762616e+00
  -8.4170567e-01
   1.0155111e+00
  -3.9345265e-01
  -2.2575030e+00
  -2.3136451e+00
  -2.5892722e+00
  -3.4947557e+00
  -2.6056812e+00
  -2.1311687e+00
  -2.9597275e+00
  -1.1338949e+00
   1.2339003e+00
   5.1863955e-01
  -3.3655238e-01
   3.9999876e-01
  -7.5013678e-02
  -1.0915794e+00
  -2.3984691e+00
  -3.5114525e+00
  -1.5810531e+00
   1.6376260e+00
   1.8371302e+00
   1.4717367e+00
   1.9570743e+00
   7.2853480e-01
  -8.9132564e-01
  -4.2765669e-01
  -2.8374241e-01
  -1.7699704e+00
  -1.7092589e+00
   2.2743985e+00
   4.6777070e+00
   1.8026044e+00
  -7.0680342e-01
   1.1951972e+00
   4.7619966e+00
   5.7527568e+00
   2.8851822e+00
  -2.1039686e+00
  -4.0483271e+00
  -5.7884673e-01
   4.2792568e+00
   3.9375158e+00
  -1.1609446e+00
  -3.6187636e+00
  -6.5983559e-01
   1.6173585e+00
  -1.2367398e+00
  -4.8001680e+00
  -3.8542314e+00
  -4.3207850e-01
   4.9544578e-01
  -1.7062283e+00
  -4.0297270e+00
  -3.7888808e+00
  -2.5198123e+00
  -2.3034059e+00
  -2.5199451e+00
  -1.5187531e+00
  -1.7486490e-01
   1.4920432e+00
   2.3231616e+00
   8.2345270e-01
   1.6738221e-02
   2.8915469e-01
  -8.0926217e-01
  -1.1578660e+00
  -9.1392309e-02
  -1.9866444e+00
  -4.1811046e+00
  -7.1155776e-01
   4.5781355e+00
   4.6054530e+00
   3.5878537e-01
  -7.6498757e-01
   3.2892153e+00
   5.9895166e+00
   2.6303605e+00
  -2.4304664e+00
  -1.8251177e+00
   3.6699821e+00
   6.8702475e+00
   3.9277409e+00
  -7.2023663e-01
  -5.6405698e-01
   4.6888857e+00
   8.1531310e+00
   4.8620434e+00
  -6.6361406e-01
  -2.2965485e+00
  -5.9195490e-02
   2.0526713e+00
   2.2869172e+00
   1.0740444e+00
   2.6522078e-01
   1.3205601e+00
   2.7263288e+00
  -5.7514421e-03
  -7.0580937e+00
  -1.0746955e+01
  -7.7412325e+00
  -3.9941479e+00
  -2.9452378e+00
  -2.3342514e+00
  -1.4645521e+00
  -1.5650773e+00
  -2.5704197e+00
  -2.5824257e+00
  -1.9516986e+00
  -2.0356875e+00
  -1.1167849e+00
   2.8065602e-01
  -7.5127501e-01
  -1.8371975e+00
  -7.1722024e-01
   6.7878402e-01
   1.1414590e+00
   1.8792211e+00
   1.6401605e+00
  -2.4483696e-02
  -9.2072345e-01
   2.6976450e-01
   1.8282400e+00
   1.8434070e+00
   4.3030766e-01
   4.9380809e-01
   2.7968937e+00
   2.4023898e+00
  -6.6508193e-01
  -7.3738808e-01
   2.2653842e+00
   2.8125088e+00
  -1.1611380e+00
  -5.5421132e+00
  -4.9130687e+00
   6.3586904e-02
   3.1946934e+00
   2.3330464e+00
   5.1029203e-01
   1.8537021e+00
   4.4935593e+00
   3.9579233e+00
   1.1391055e+00
  -3.0412457e-02
   1.8608813e+00
   4.5536039e+00
   4.4220012e+00
   2.0432846e+00
   5.0224052e-01
   1.7071041e-01
   7.4733454e-01
   1.9280572e+00
   1.0414687e+00
  -1.6628045e+00
  -2.8861711e+00
  -2.9608101e+00
  -3.7567579e+00
  -3.4142888e+00
  -2.0294293e+00
  -3.0602077e+00
  -3.5821940e+00
  -5.8485577e-01
   5.7744755e-01
  -2.9523171e+00
  -4.7159252e+00
  -7.1062097e-01
   3.7081779e+00
   2.9059748e+00
  -2.1153548e+00
  -4.8813496e+00
  -2.6375779e+00
   3.7692206e-01
  -2.2810451e-01
  -3.2214982e+00
  -5.3533627e+00
  -4.5074556e+00
  -1.2827699e+00
   3.2360525e-01
  -1.9140103e+00
  -3.6066330e+00
  -1.0752242e+00
   2.1826883e+00
   1.8605004e+00
   1.0522039e+00
   1.4262593e+00
   2.6302224e+00
   5.2724033e+00
   5.7458438e+00
   1.4876731e+00
  -8.3654567e-01
   2.6374031e+00
   6.2464234e+00
   4.3445884e+00
   3.0081065e-01
  -1.7170780e-02
   2.8619897e+00
   5.3661328e+00
   5.8270770e+00
   3.8556922e+00
   3.1931923e-01
  -2.3483775e+00
  -1.1450299e+00
   1.8738842e+00
   2.1053119e+00
   2.6579448e-01
  -5.7956501e-01
  -1.0753473e+00
  -2.0384430e+00
  -2.6307060e-01
   2.4458904e+00
   2.7162280e+00
   3.4201283e-01
  -2.4330367e+00
  -3.5521267e+00
  -2.9518483e+00
  -6.2278058e-01
   3.8792214e+00
   6.1710046e+00
   2.1169110e+00
  -4.0563756e+00
  -5.2766948e+00
  -1.0170227e+00
   1.8922816e+00
  -7.8338962e-01
  -3.3903979e+00
  -1.8767151e+00
  -1.6513334e+00
  -5.7697875e+00
  -8.8876382e+00
  -5.6535086e+00
  -1.1976260e-01
   1.0578784e+00
  -2.4508877e+00
  -5.7359376e+00
  -5.6827132e+00
  -2.7225547e+00
   9.6510535e-01
   2.0569332e+00
  -1.3507684e+00
  -4.2142083e+00
  -1.9554634e+00
   2.4626784e+00
   2.6853050e+00
  -3.5386584e-01
  -4.4068329e-01
   2.9039431e+00
   5.0905716e+00
   4.6834601e+00
   3.5723092e+00
   4.0728685e+00
   6.2374576e+00
   5.8321626e+00
   1.7178308e+00
   2.3211347e-02
   2.9346253e+00
   4.1967481e+00
   1.4281401e+00
  -2.0099654e+00
  -5.1254305e+00
  -6.9324111e+00
  -5.0455988e+00
  -1.5251708e+00
  -1.5845956e+00
  -4.6692172e+00
  -5.0776757e+00
  -7.5797309e-01
   3.0161324e+00
   2.3901303e+00
  -9.5650997e-01
  -9.1429467e-01
   3.2908299e+00
   5.6792134e+00
   3.8978375e+00
   1.5778122e+00
   1.6324547e+00
   4.1997155e+00
   6.8067069e+00
   6.1272202e+00
   2.0251679e+00
  -1.5902406e+00
  -4.8679286e-01
   3.0843096e+00
   2.0328361e+00
  -4.0932472e+00
  -6.3838105e+00
  -2.9357401e+00
   5.6424042e-01
   1.0822836e+00
   4.3315470e-01
  -1.3051538e+00
  -2.8926240e+00
  -1.8819151e+00
   5.9534074e-01
   1.4325276e+00
  -7.7923707e-01
  -2.6907047e+00
  -1.4417733e+00
   1.6138817e+00
   3.3875152e+00
   2.3577821e+00
   1.7993802e-01
  -3.0435424e-01
   4.2895198e-01
  -1.7093327e+00
  -3.7073906e+00
   4.1427559e-02
   3.2850990e+00
  -1.2571122e+00
  -7.1427894e+00
  -5.8103154e+00
   6.1528219e-02
   3.1446216e+00
   1.0931653e+00
  -4.7493237e+00
  -8.4889184e+00
  -3.7727456e+00
   3.9675830e+00
   3.6775646e+00
  -2.1552091e+00
  -4.1295086e+00
  -8.5778699e-01
   2.7528582e+00
   1.6337317e+00
  -2.2479678e+00
  -2.1409305e+00
   2.0293351e+00
   4.6388262e+00
   3.4883897e+00
   7.4762804e-01
  -5.9866693e-01
   1.0998801e+00
   3.2826386e+00
   2.6048674e+00
   5.5208418e-01
  -5.2806513e-01
   5.7558739e-01
   3.9551893e+00
   5.8473403e+00
   3.2172957e+00
   9.1040334e-02
   1.6624525e+00
   4.4673284e+00
   2.3131533e+00
  -2.4110865e+00
  -2.7856343e+00
   1.8202897e+00
   3.3486870e+00
  -6.5404836e-01
  -4.4539505e+00
  -4.0628701e+00
  -1.9967821e+00
  -1.2054963e+00
  -2.6039806e+00
  -5.9249969e+00
  -8.1926963e+00
  -5.1964751e+00
   1.5098573e+00
   3.7511418e+00
  -8.2765397e-01
  -4.0459179e+00
  -1.6870007e-01
   4.7805387e+00
   3.1717384e+00
  -2.8193275e+00
  -5.7836383e+00
  -3.2122571e+00
   5.0154103e-01
   1.6872097e+00
   1.3536631e+00
   1.0908769e+00
   2.3109859e+00
   4.8005170e+00
   5.0272469e+00
   1.7132708e+00
  -1.6883188e+00
  -1.6236728e+00
   2.1100577e+00
   4.3721369e+00
   8.3500125e-01
  -3.7428577e+00
  -1.9871420e+00
   2.7959482e+00
   3.5990211e+00
   3.5496412e-01
  -2.3115267e+00
  -1.2014055e+00
   2.2074591e+00
   2.7496260e+00
  -1.4634296e+00
  -5.2159996e+00
  -2.8387197e+00
   2.7461706e+00
   4.2669311e+00
   1.0614624e-01
  -2.9511282e+00
  -5.6077585e-01
   1.6727889e+00
  -5.9845676e-01
  -4.0807348e+00
  -5.0503389e+00
  -2.4525600e+00
   7.6814938e-01
   8.2446899e-02
  -3.7270295e+00
  -3.8979335e+00
  -5.2823916e-01
  -1.1541000e-01
  -3.0129882e+00
  -3.0239046e+00
  -1.2932841e-01
   7.0366164e-01
   3.9901937e-01
   1.7895025e+00
   1.8522481e+00
  -6.2878950e-01
   1.7968191e-01
   5.3684202e+00
   6.6530724e+00
   1.6124297e+00
  -3.2784669e+00
  -1.9641602e+00
   3.6196108e+00
   6.9921841e+00
   5.1583791e+00
   4.7505314e-01
  -1.4042588e+00
   9.0655384e-01
   3.7474096e+00
   3.9770089e+00
   2.0134631e+00
   1.6115996e+00
   2.4783674e+00
   9.4836571e-01
  -2.7416083e+00
  -4.1414032e+00
  -1.4858717e+00
   2.3596592e+00
   2.8331847e+00
   8.6143855e-01
  -2.0877415e-01
  -6.5778016e-02
   2.3223868e-01
  -4.4238107e-01
  -3.4615231e+00
  -6.6857843e+00
  -4.4435591e+00
   1.4701905e+00
   2.5627963e+00
  -2.0413409e+00
  -5.3065143e+00
  -3.6275168e+00
  -6.4227004e-01
  -1.7007587e+00
  -5.0558800e+00
  -7.1659525e+00
  -6.2238109e+00
  -2.9352064e+00
   7.3442099e-02
   2.3476778e-02
   1.2681877e+00
   4.2538920e+00
   3.4264825e+00
   6.1780819e-01
   1.0833363e+00
   2.3643274e+00
   3.0139654e+00
   4.4253012e+00
   3.4914645e+00
   2.0007723e-01
  -7.3768852e-01
   2.1100556e+00
   4.5543949e+00
   2.8621144e+00
  -1.5560065e+00
  -3.5909522e+00
  -7.3783599e-01
   2.1503863e+00
   1.3243311e+00
  -1.7521503e+00
  -3.8161477e+00
  -2.7949643e+00
   1.7907063e-01
   1.4690739e+00
   1.0471089e+00
  -4.7712210e-01
  -2.4179056e+00
  -1.8224976e+00
   1.6233672e+00
   3.0519663e+00
  -3.2419681e-01
  -2.9873818e+00
  -8.5477770e-01
   1.0896460e+00
  -1.5667723e+00
  -3.4733583e+00
  -6.2612046e-01
   2.0480397e+00
   1.7117965e+00
  -8.8251595e-02
  -8.0850461e-01
   1.3852735e+00
   3.2055972e+00
   5.6607336e-01
  -2.5849308e+00
  -1.5930763e+00
   1.0169231e+00
   2.6640587e+00
   3.7995093e+00
   4.0942583e+00
   3.1315269e+00
   2.5382651e+00
   1.5959260e+00
   1.0832646e+00
   2.0397861e+00
   2.8026236e+00
   1.6272060e+00
   1.3154080e+00
   1.8167228e+00
  -2.3983223e-02
  -2.3964193e+00
  -2.0954144e+00
  -9.2054919e-01
  -2.1387614e+00
  -4.3354730e+00
  -5.2281631e+00
  -1.9309176e+00
   2.4112088e+00
   2.9609125e+00
   6.6360487e-01
  -2.4615594e+00
  -4.1456711e+00
  -2.0447331e+00
   5.6816639e-01
  -2.1930080e+00
  -7.2212320e+00
  -5.8135652e+00
   5.5437527e-01
   4.4978300e+00
   2.9826393e+00
  -1.3069950e+00
  -3.0560929e+00
  -6.9093386e-01
   6.2885116e-01
  -1.2162626e+00
  -1.7760200e+00
   6.3914893e-01
   2.0077038e+00
   1.5965003e-01
  -2.2383829e+00
  -2.3957776e+00
   4.0962002e-02
   3.1711602e+00
   4.3807473e+00
   1.8617961e+00
  -1.6791922e+00
  -2.7758546e+00
   7.2433349e-01
   4.5130275e+00
   2.8842320e+00
  -1.7437601e+00
  -1.3832057e+00
   2.6269393e+00
   2.4549234e+00
  -2.5899022e+00
  -4.8194257e+00
  -2.5757204e+00
  -1.2997839e-02
   2.5293558e+00
   4.8456192e+00
   5.2519100e+00
   3.2100553e+00
   1.0420791e+00
   1.1439408e+00
   1.2310601e+00
  -4.0837813e-01
  -2.6084414e-01
   2.1116277e+00
   2.0799643e+00
  -1.2857999e+00
  -2.0289747e+00
   1.0861320e+00
   1.0216136e+00
  -3.0115739e+00
  -3.9362668e+00
  -8.5217634e-01
  -8.4473112e-01
  -2.7228383e+00
   3.7796440e-01
   4.1874724e+00
   1.6033963e+00
  -1.8351269e+00
   6.2660622e-02
   2.6726800e+00
   1.6725065e+00
  -9.7776541e-01
  -1.7828830e+00
   2.5050411e-01
   3.3907710e+00
   4.1637515e+00
   6.0413295e-01
  -2.8117043e+00
  -2.2036925e+00
  -1.3496190e+00
  -2.8502538e+00
  -1.3017626e+00
   2.9993286e+00
   2.3582794e+00
  -2.5315149e+00
  -4.6904012e+00
  -3.6455690e+00
  -1.0884224e+00
   3.6749965e+00
   5.6030558e+00
   1.5757016e+00
  -3.5851157e+00
  -4.2336891e+00
  -9.3999561e-01
   3.4698182e-01
  -1.3609734e+00
  -2.0335054e+00
  -1.2359373e+00
  -2.0722566e+00
  -3.2764264e+00
  -2.4131114e+00
  -2.1070526e+00
  -3.1166112e+00
  -1.9578498e+00
   1.5199035e+00
   6.0462381e-01
  -3.6353680e+00
  -3.5775350e+00
   1.5884019e+00
   5.3717451e+00
   4.0619617e+00
   1.2917618e+00
   4.8493177e-01
   2.4044958e+00
   3.4496502e+00
   7.2595922e-01
  -3.7713639e+00
  -3.9524118e+00
   1.0985115e+00
   3.8963978e+00
   6.6393047e-01
  -1.9853587e+00
   2.0433759e-01
   1.9717775e+00
   2.4521834e-01
  -5.2809235e-01
   1.3946542e+00
